x,y,z
23.157,-6.146,-24.116
22.74,-6.364,-25.504
23.04,-7.798,-25.9
24.055,-8.381,-25.525
23.453,-5.335,-26.417
22.897,-3.936,-26.072
23.205,-5.653,-27.93
21.451,-3.854,-25.891
22.126,-8.359,-26.678
22.295,-9.695,-27.241
22.689,-9.574,-28.684
21.941,-9.044,-29.482
20.931,-10.398,-27.13
20.924,-11.628,-27.884
23.873,-10.069,-29.046
24.28,-9.931,-30.453
23.385,-10.711,-31.403
23.047,-10.221,-32.463
25.721,-10.378,-30.612
22.935,-11.908,-30.95
21.993,-12.695,-31.73
20.741,-11.895,-32.035
20.266,-11.878,-33.167
21.615,-13.922,-30.886
20.513,-14.779,-31.468
20.8,-15.775,-32.408
19.173,-14.628,-31.049
19.805,-16.58,-32.906
18.165,-15.402,-31.556
18.478,-16.395,-32.461
17.462,-17.183,-32.957
20.181,-11.257,-30.999
18.944,-10.521,-31.247
19.187,-9.293,-32.109
18.335,-8.982,-32.955
18.302,-10.099,-29.919
17.678,-11.286,-29.187
18.405,-12.039,-28.505
16.458,-11.472,-29.327
20.324,-8.64,-31.928
20.637,-7.458,-32.732
20.804,-7.879,-34.206
20.44,-7.133,-35.122
21.875,-6.78,-32.172
21.631,-6.483,-30.779
22.169,-5.439,-32.896
21.369,-9.076,-34.411
21.544,-9.558,-35.792
20.19,-9.813,-36.469
19.979,-9.443,-37.603
22.39,-10.862,-35.783
19.201,-10.352,-35.748
17.885,-10.531,-36.324
17.237,-9.188,-36.661
16.563,-9.059,-37.692
16.967,-11.355,-35.347
17.134,-12.838,-35.591
17.955,-13.694,-34.906
16.509,-13.583,-36.626
17.853,-14.966,-35.472
16.952,-14.916,-36.51
15.561,-13.251,-37.605
16.555,-15.915,-37.403
15.142,-14.25,-38.461
15.632,-15.568,-38.343
17.407,-8.2,-35.8
16.93,-6.839,-36.094
17.633,-6.258,-37.323
16.978,-5.639,-38.196
17.07,-5.97,-34.87
16.759,-4.479,-35.209
16.092,-6.46,-33.783
18.93,-6.483,-37.409
19.75,-5.951,-38.501
19.353,-6.602,-39.817
19.617,-6.018,-40.889
21.239,-6.277,-38.206
18.783,-7.815,-39.813
18.361,-8.47,-41.056
17.131,-7.82,-41.712
16.843,-8.13,-42.875
18.082,-9.985,-40.83
19.327,-10.81,-40.592
18.95,-12.201,-40.138
20.081,-10.909,-41.984
16.366,-7.01,-40.99
15.091,-6.518,-41.516
15.397,-5.546,-42.677
16.266,-4.709,-42.574
14.349,-5.746,-40.424
13.959,-6.702,-39.279
13.09,-5.091,-41.016
13.383,-5.937,-38.08
14.623,-5.696,-43.76
14.708,-4.86,-44.961
13.731,-3.706,-44.782
12.57,-3.909,-44.455
14.316,-5.715,-46.175
14.603,-5.027,-47.519
14.586,-3.802,-47.614
14.832,-5.771,-48.47
14.193,-2.479,-44.986
13.352,-1.3,-44.848
12.25,-1.278,-45.899
11.234,-0.611,-45.733
14.219,-0.04,-45.015
12.512,-1.953,-46.994
11.535,-2.074,-48.067
12.18,-1.767,-49.399
11.608,-2.063,-50.459
13.376,-1.191,-49.344
14.109,-0.773,-50.553
15.471,-1.466,-50.665
16.43,-0.904,-51.209
14.291,0.754,-50.534
15.135,1.238,-49.365
15.381,0.445,-48.424
15.55,2.423,-49.378
15.546,-2.687,-50.141
16.79,-3.425,-50.079
17.94,-2.721,-49.362
19.092,-2.818,-49.797
17.221,-3.91,-51.477
16.158,-4.768,-52.145
16.381,-4.861,-53.643
15.122,-5.308,-54.38
15.218,-4.999,-55.834
17.624,-2.057,-48.239
18.619,-1.524,-47.322
18.125,-1.864,-45.908
16.929,-2.033,-45.697
18.734,0.005,-47.372
17.502,0.594,-46.98
19.124,0.507,-48.779
19.042,-1.938,-44.946
18.553,-2.274,-43.588
17.551,-1.275,-43.056
17.745,-0.04,-43.122
19.82,-2.243,-42.72
20.973,-2.294,-43.69
20.505,-1.748,-45.007
16.473,-1.773,-42.438
15.596,-0.92,-41.674
16.295,-0.22,-40.491
15.921,0.885,-40.074
14.42,-1.736,-41.159
17.245,-0.938,-39.865
17.916,-0.425,-38.696
19.422,-0.374,-38.896
20.15,-1.228,-38.453
17.591,-1.32,-37.468
16.152,-1.239,-37.063
15.689,-0.128,-36.364
15.26,-2.23,-37.418
14.317,-0.018,-36.044
13.893,-2.146,-37.084
13.44,-1.052,-36.385
19.915,0.637,-39.638
21.337,0.696,-39.869
22.121,0.77,-38.553
23.271,0.346,-38.506
21.495,2.019,-40.675
20.195,2.185,-41.346
19.181,1.719,-40.318
21.538,1.305,-37.48
22.305,1.369,-36.236
22.517,-0.012,-35.572
23.454,-0.185,-34.787
21.704,2.365,-35.268
20.429,1.913,-34.785
21.691,-0.996,-35.941
21.883,-2.364,-35.436
23.033,-3.007,-36.189
23.866,-3.725,-35.603
20.593,-3.157,-35.623
23.11,-2.763,-37.506
24.284,-3.266,-38.233
25.565,-2.627,-37.694
26.572,-3.295,-37.498
24.178,-2.948,-39.742
25.413,-3.407,-40.486
22.942,-3.626,-40.337
25.533,-1.325,-37.424
26.708,-0.667,-36.852
27.071,-1.236,-35.477
28.229,-1.439,-35.156
26.471,0.853,-36.77
27.644,1.658,-36.223
27.38,3.167,-36.32
28.66,3.997,-36.158
28.401,5.463,-35.998
26.06,-1.501,-34.641
26.335,-2.036,-33.333
27.132,-3.34,-33.49
28.1,-3.582,-32.773
25.009,-2.304,-32.524
25.33,-2.773,-31.127
25.444,-1.982,-30.018
25.698,-4.108,-30.708
25.849,-2.726,-28.939
25.997,-4.038,-29.332
25.748,-5.343,-31.337
26.404,-5.188,-28.588
26.167,-6.485,-30.612
26.477,-6.384,-29.257
26.625,-4.209,-34.337
27.307,-5.465,-34.585
28.767,-5.247,-34.944
29.662,-5.863,-34.362
26.567,-6.285,-35.648
25.221,-6.739,-35.068
27.429,-7.514,-36.15
24.253,-7.282,-36.117
28.999,-4.408,-35.936
30.379,-4.262,-36.394
31.261,-3.647,-35.306
32.435,-3.991,-35.192
30.399,-3.34,-37.647
30.712,-2.731,-34.514
31.461,-2.079,-33.45
31.781,-2.941,-32.231
32.766,-2.7,-31.524
30.637,-0.855,-33.012
31.368,0.072,-32.091
30.583,1.327,-31.877
30.721,1.882,-30.765
29.85,1.757,-32.803
30.956,-3.963,-31.985
31.043,-4.717,-30.735
31.518,-6.154,-30.846
31.46,-6.929,-29.91
29.681,-4.641,-30.037
29.419,-3.254,-29.476
29.908,-2.934,-28.373
28.722,-2.419,-30.204
32.153,-6.457,-31.975
32.858,-7.724,-32.119
33.995,-7.779,-31.081
34.659,-6.763,-30.789
33.475,-7.788,-33.492
34.109,-9.145,-33.796
34.512,-9.257,-35.244
35.02,-8.292,-35.817
34.294,-10.414,-35.841
34.22,-8.973,-30.531
35.283,-9.162,-29.568
36.596,-9.369,-30.301
36.59,-9.588,-31.509
34.971,-10.362,-28.695
33.667,-10.2,-27.876
33.504,-11.471,-27.066
33.726,-8.971,-26.951
37.717,-9.236,-29.582
38.976,-9.173,-30.314
39.335,-10.504,-30.975
40.072,-10.517,-31.96
40.128,-8.617,-29.46
40.125,-9.232,-28.194
38.804,-11.613,-30.453
39.035,-12.915,-31.1
38.138,-13.221,-32.302
38.194,-14.304,-32.914
38.967,-14.07,-30.091
37.577,-14.219,-29.442
36.621,-13.503,-29.817
37.425,-15.073,-28.556
37.309,-12.252,-32.677
36.416,-12.39,-33.804
35.006,-12.874,-33.484
34.111,-12.923,-34.367
34.802,-13.295,-32.232
33.454,-13.73,-31.818
32.619,-12.565,-31.335
33.115,-11.447,-31.164
33.528,-14.769,-30.693
34.065,-14.222,-29.489
31.347,-12.852,-31.077
30.5,-11.936,-30.292
29.915,-12.74,-29.17
29.759,-13.952,-29.266
29.323,-11.455,-31.147
29.612,-10.39,-32.205
29.355,-9.049,-32.092
30.141,-10.591,-33.527
29.699,-8.397,-33.256
30.166,-9.314,-34.153
30.581,-11.719,-34.248
30.622,-9.116,-35.465
31.045,-11.523,-35.555
31.048,-10.229,-36.151
29.58,-12.043,-28.097
28.938,-12.679,-26.945
29.446,-12.05,-25.666
30.007,-10.943,-25.63
29.285,-12.819,-24.589
29.715,-12.327,-23.283
31.226,-12.354,-23.138
31.849,-13.412,-23.168
29.047,-13.114,-22.186
29.226,-12.429,-20.814
30.35,-12.381,-20.306
28.242,-11.863,-20.325
31.803,-11.174,-22.986
33.24,-11.085,-22.977
33.896,-11.713,-21.763
35.082,-12.092,-21.814
33.701,-9.614,-23.153
33.163,-11.802,-20.66
33.804,-12.196,-19.415
33.472,-13.601,-18.96
34.047,-14.086,-17.97
33.428,-11.172,-18.348
33.933,-9.798,-18.681
35.284,-9.514,-18.63
33.062,-8.805,-19.096
35.761,-8.258,-18.949
33.521,-7.543,-19.402
34.869,-7.279,-19.34
35.327,-6.018,-19.659
32.526,-14.246,-19.646
32.226,-15.641,-19.382
32.203,-16.273,-20.763
31.258,-16.093,-21.521
30.874,-15.876,-18.706
30.72,-17.293,-18.206
30.27,-18.213,-19.303
32.018,-17.846,-17.57
33.262,-17.01,-21.089
33.32,-17.647,-22.384
32.496,-18.904,-22.342
32.7,-19.76,-21.479
34.794,-18.005,-22.683
35.0,-18.532,-24.058
34.625,-19.822,-24.37
35.573,-17.739,-25.045
34.802,-20.306,-25.686
35.759,-18.229,-26.346
35.36,-19.516,-26.66
31.584,-19.038,-23.294
30.81,-20.253,-23.489
30.831,-20.52,-24.997
30.507,-19.635,-25.811
29.353,-19.992,-23.078
28.386,-20.838,-23.678
31.193,-21.73,-25.4
31.161,-22.063,-26.835
29.792,-21.906,-27.435
29.644,-21.402,-28.546
31.718,-23.498,-27.127
33.219,-23.591,-26.963
34.077,-23.025,-27.901
33.767,-24.233,-25.872
35.439,-23.072,-27.723
35.117,-24.269,-25.673
35.949,-23.705,-26.608
37.324,-23.805,-26.391
28.757,-22.324,-26.712
27.419,-22.186,-27.255
27.091,-20.717,-27.466
26.586,-20.353,-28.503
26.388,-22.843,-26.325
26.326,-24.333,-26.449
27.251,-25.18,-25.876
25.433,-25.123,-27.103
26.935,-26.431,-26.177
25.842,-26.426,-26.921
27.388,-19.887,-26.462
27.053,-18.447,-26.565
27.858,-17.793,-27.689
27.297,-17.088,-28.54
27.384,-17.769,-25.239
27.065,-16.25,-25.202
25.883,-15.912,-25.27
28.031,-15.476,-25.08
29.158,-18.034,-27.682
29.987,-17.426,-28.727
29.6,-17.878,-30.142
29.567,-17.088,-31.083
31.481,-17.684,-28.477
32.046,-17.064,-27.18
31.857,-15.568,-27.142
32.431,-15.053,-25.911
33.723,-14.78,-25.718
34.586,-14.874,-26.743
34.162,-14.361,-24.501
29.297,-19.16,-30.307
29.06,-19.643,-31.657
27.713,-19.215,-32.203
27.611,-18.874,-33.37
29.248,-21.166,-31.711
30.716,-21.613,-31.643
30.769,-23.126,-31.236
31.458,-21.358,-32.969
26.666,-19.187,-31.375
25.404,-18.721,-31.918
25.382,-17.203,-32.163
24.791,-16.753,-33.182
24.193,-19.176,-31.01
22.893,-18.952,-31.802
24.184,-18.469,-29.643
21.701,-19.654,-31.164
25.984,-16.431,-31.263
26.044,-14.981,-31.515
26.905,-14.675,-32.73
26.565,-13.787,-33.503
26.651,-14.263,-30.301
25.664,-14.068,-29.148
24.72,-13.333,-29.249
25.951,-14.684,-28.009
28.007,-15.406,-32.911
28.945,-15.086,-34.007
28.313,-15.466,-35.325
28.348,-14.689,-36.292
30.245,-15.866,-33.813
30.889,-15.441,-32.61
31.202,-15.529,-34.991
27.693,-16.64,-35.389
27.011,-17.021,-36.631
25.917,-16.029,-36.992
25.772,-15.637,-38.167
26.457,-18.452,-36.52
25.777,-18.99,-37.774
26.799,-18.995,-38.945
25.185,-20.4,-37.441
25.127,-15.582,-35.995
24.085,-14.626,-36.343
24.658,-13.33,-36.899
24.095,-12.75,-37.813
23.217,-14.346,-35.062
25.714,-12.831,-36.261
26.271,-11.546,-36.707
26.887,-11.669,-38.104
26.758,-10.743,-38.904
27.293,-11.065,-35.688
26.439,-10.445,-34.199
27.591,-12.775,-38.369
28.131,-12.985,-39.715
26.997,-13.018,-40.734
27.112,-12.396,-41.787
29.009,-14.272,-39.75
29.224,-14.773,-41.231
30.342,-13.979,-39.077
25.899,-13.718,-40.436
24.76,-13.739,-41.361
24.231,-12.321,-41.608
23.934,-11.975,-42.734
23.657,-14.674,-40.824
22.3,-14.398,-41.521
24.087,-16.152,-40.99
24.093,-11.508,-40.552
23.575,-10.166,-40.716
24.475,-9.311,-41.596
24.0,-8.655,-42.532
23.353,-9.51,-39.313
25.761,-9.349,-41.313
26.723,-8.529,-42.09
26.814,-8.98,-43.527
26.807,-8.147,-44.457
28.115,-8.536,-41.427
28.182,-7.946,-40.023
29.626,-8.105,-39.482
27.665,-6.524,-40.016
26.89,-10.286,-43.741
27.04,-10.791,-45.109
25.762,-10.576,-45.924
25.796,-10.347,-47.139
27.413,-12.271,-45.031
27.557,-12.99,-46.388
28.655,-12.36,-47.293
30.002,-12.372,-46.711
30.823,-13.423,-46.745
30.431,-14.554,-47.312
32.035,-13.336,-46.216
24.605,-10.6,-45.267
23.341,-10.399,-45.956
23.251,-9.029,-46.58
22.601,-8.877,-47.633
22.171,-10.579,-45.0
22.02,-11.955,-44.681
23.954,-8.059,-46.024
23.946,-6.717,-46.576
25.268,-6.362,-47.282
25.441,-5.23,-47.743
23.702,-5.696,-45.456
22.347,-5.795,-44.878
22.021,-6.171,-43.592
21.103,-5.585,-45.556
20.651,-6.181,-43.443
20.068,-5.827,-44.636
20.753,-5.233,-46.882
18.724,-5.673,-44.965
19.429,-5.075,-47.199
18.42,-5.317,-46.262
26.2,-7.297,-47.267
27.552,-7.018,-47.778
28.209,-5.813,-47.129
28.789,-4.955,-47.811
27.519,-6.841,-49.282
27.782,-8.132,-49.975
28.857,-8.724,-49.806
26.797,-8.62,-50.709
28.127,-5.741,-45.801
28.685,-4.628,-45.055
29.758,-5.139,-44.088
29.763,-6.314,-43.72
27.576,-3.959,-44.235
26.558,-3.253,-45.119
25.421,-2.678,-44.296
27.304,-2.132,-45.839
30.656,-4.25,-43.692
31.703,-4.557,-42.723
32.371,-5.912,-42.951
32.402,-6.772,-42.086
31.134,-4.429,-41.309
30.581,-3.065,-41.012
31.455,-1.991,-40.814
29.232,-2.835,-40.984
30.969,-0.732,-40.554
28.742,-1.549,-40.726
29.632,-0.503,-40.533
32.997,-6.102,-44.113
33.605,-7.412,-44.396
34.792,-7.754,-43.5
35.051,-8.931,-43.322
34.098,-7.269,-45.866
34.186,-5.769,-46.044
32.998,-5.227,-45.289
35.496,-6.759,-42.959
36.619,-7.053,-42.065
36.073,-7.83,-40.856
36.608,-8.877,-40.505
37.273,-5.754,-41.602
38.445,-5.961,-40.699
39.625,-6.526,-41.133
38.614,-5.69,-39.378
40.465,-6.612,-40.114
39.884,-6.097,-39.045
34.988,-7.33,-40.305
34.412,-7.979,-39.113
33.798,-9.307,-39.529
33.911,-10.34,-38.792
33.351,-7.075,-38.486
33.9,-5.942,-37.615
34.343,-4.736,-38.462
34.118,-4.676,-39.659
35.028,-3.803,-37.816
33.061,-9.321,-40.639
32.422,-10.528,-41.09
33.428,-11.674,-41.294
33.231,-12.782,-40.848
31.564,-10.183,-42.305
30.605,-11.559,-42.844
34.553,-11.398,-41.951
35.535,-12.432,-42.14
36.229,-12.916,-40.856
36.552,-14.089,-40.718
36.585,-11.971,-43.167
35.988,-11.844,-44.58
35.029,-12.549,-44.929
36.516,-10.92,-45.36
36.481,-12.011,-39.914
37.05,-12.422,-38.642
36.06,-13.334,-37.891
36.453,-14.247,-37.171
37.302,-11.217,-37.726
38.559,-10.414,-37.983
38.724,-9.354,-36.85
39.084,-10.008,-35.505
39.655,-9.056,-34.492
34.778,-13.081,-38.074
33.774,-13.924,-37.427
33.69,-15.313,-38.046
33.54,-16.311,-37.339
33.811,-15.361,-39.377
33.879,-16.648,-40.078
35.092,-17.446,-39.629
34.994,-18.654,-39.37
33.855,-16.403,-41.596
32.455,-15.972,-42.012
34.327,-17.672,-42.353
32.376,-15.358,-43.443
36.239,-16.793,-39.481
37.427,-17.44,-38.945
37.2,-17.998,-37.546
37.515,-19.146,-37.259
38.643,-16.504,-38.97
38.931,-16.173,-40.338
39.863,-17.177,-38.334
36.614,-17.191,-36.652
36.313,-17.717,-35.323
35.411,-18.936,-35.409
35.625,-19.938,-34.739
35.65,-16.646,-34.439
35.275,-17.161,-33.08
34.063,-17.821,-32.863
36.175,-17.051,-32.044
33.751,-18.324,-31.583
35.87,-17.568,-30.765
34.673,-18.197,-30.558
34.389,-18.848,-36.232
33.457,-19.975,-36.303
34.154,-21.243,-36.816
34.033,-22.327,-36.246
32.243,-19.586,-37.169
31.132,-20.588,-37.118
31.125,-21.687,-37.961
30.076,-20.402,-36.219
30.072,-22.596,-37.884
29.065,-21.273,-36.166
29.05,-22.361,-36.955
34.937,-21.099,-37.878
35.666,-22.274,-38.415
36.573,-22.901,-37.405
36.688,-24.137,-37.353
36.568,-21.815,-39.56
35.853,-21.605,-40.765
36.842,-21.1,-41.844
36.123,-20.882,-43.08
36.456,-19.963,-43.973
37.528,-19.205,-43.769
35.736,-19.808,-45.062
37.263,-22.083,-36.617
38.23,-22.581,-35.646
37.674,-23.146,-34.347
38.385,-23.778,-33.562
39.272,-21.484,-35.343
40.026,-21.102,-36.625
41.136,-20.107,-36.401
41.259,-19.576,-35.275
41.889,-19.869,-37.37
36.4,-22.843,-34.067
35.831,-23.225,-32.795
34.594,-24.091,-32.846
34.19,-24.623,-31.818
35.518,-21.936,-32.014
36.783,-21.237,-31.567
37.361,-21.615,-30.557
37.254,-20.264,-32.336
33.974,-24.243,-34.025
32.73,-25.008,-34.143
32.916,-26.453,-33.61
32.061,-26.996,-32.927
32.119,-24.965,-35.569
30.778,-25.688,-35.642
33.109,-25.616,-36.593
29.714,-25.154,-34.579
34.06,-27.053,-33.898
34.317,-28.403,-33.393
34.423,-28.52,-31.894
34.423,-29.635,-31.35
34.528,-27.371,-31.216
34.664,-27.344,-29.75
33.321,-27.147,-29.047
33.294,-26.99,-27.809
35.602,-26.233,-29.342
36.987,-26.37,-29.986
37.884,-25.198,-29.59
39.235,-25.264,-30.283
39.789,-23.892,-30.512
32.244,-27.169,-29.809
30.934,-26.833,-29.233
30.6,-27.595,-27.976
29.999,-27.025,-27.061
29.843,-27.078,-30.261
28.393,-26.77,-29.918
28.197,-25.274,-29.463
27.484,-27.087,-31.084
30.966,-28.874,-27.923
30.594,-29.728,-26.803
31.751,-30.007,-25.861
31.7,-30.964,-25.08
30.048,-31.062,-27.294
29.048,-30.96,-28.437
27.711,-30.423,-27.998
27.62,-29.918,-26.851
26.735,-30.513,-28.783
32.778,-29.166,-25.886
33.973,-29.425,-25.096
33.784,-29.122,-23.602
34.464,-29.702,-22.764
35.122,-28.582,-25.617
35.874,-29.246,-26.784
35.385,-30.306,-27.249
36.918,-28.68,-27.166
32.878,-28.221,-23.264
32.749,-27.883,-21.842
31.641,-28.666,-21.163
30.462,-28.557,-21.524
32.597,-26.375,-21.638
33.84,-25.568,-22.024
35.054,-25.847,-21.135
35.639,-24.871,-20.61
35.43,-27.033,-20.97
32.053,-29.473,-20.181
31.155,-30.372,-19.468
29.94,-29.67,-18.837
28.795,-30.088,-19.014
31.932,-31.158,-18.401
33.008,-32.064,-18.999
33.06,-32.279,-20.211
33.867,-32.607,-18.139
30.193,-28.596,-18.109
29.123,-27.993,-17.325
28.55,-26.722,-17.967
27.837,-25.953,-17.317
29.61,-27.735,-15.899
29.929,-29.026,-15.152
29.195,-30.026,-15.345
30.921,-29.048,-14.386
28.866,-26.516,-19.248
28.406,-25.345,-19.987
26.886,-25.337,-20.03
26.264,-26.359,-20.297
28.967,-25.385,-21.409
28.872,-24.074,-22.162
29.815,-24.017,-23.357
29.285,-24.187,-24.449
31.044,-23.776,-23.211
26.278,-24.197,-19.72
24.817,-24.11,-19.695
24.347,-23.895,-21.135
25.032,-23.26,-21.938
24.366,-22.938,-18.816
24.519,-23.164,-17.338
23.432,-23.195,-16.49
25.612,-23.316,-16.55
23.847,-23.375,-15.25
25.165,-23.459,-15.258
23.196,-24.447,-21.466
22.667,-24.391,-22.846
21.764,-23.176,-22.958
20.766,-23.08,-22.222
21.838,-25.669,-23.116
21.044,-25.765,-24.425
22.031,-26.366,-25.833
22.724,-27.884,-25.183
22.076,-22.263,-23.891
21.21,-21.091,-24.111
19.827,-21.552,-24.443
19.634,-22.61,-25.046
21.855,-20.407,-25.318
23.351,-20.792,-25.204
23.29,-22.232,-24.723
18.829,-20.76,-24.071
17.46,-21.212,-24.269
17.089,-21.307,-25.754
17.282,-20.377,-26.526
16.463,-20.345,-23.505
16.982,-20.136,-22.088
15.117,-21.047,-23.43
17.457,-21.42,-21.358
16.626,-22.487,-26.177
16.176,-22.653,-27.544
17.309,-22.932,-28.539
17.062,-22.957,-29.735
18.517,-23.175,-28.029
19.699,-23.324,-28.894
19.511,-24.407,-29.954
19.895,-24.241,-31.089
20.921,-23.649,-28.044
22.2,-23.759,-28.843
22.583,-24.956,-29.411
23.065,-22.658,-28.975
23.788,-25.05,-30.164
24.293,-22.762,-29.718
24.633,-23.951,-30.299
18.915,-25.505,-29.541
18.862,-26.642,-30.449
17.912,-26.438,-31.618
18.042,-27.135,-32.624
18.545,-27.917,-29.657
19.728,-28.317,-28.787
19.406,-29.386,-27.762
18.333,-29.303,-27.127
20.245,-30.296,-27.583
16.958,-25.499,-31.521
16.2,-25.089,-32.702
16.856,-23.881,-33.388
16.958,-23.836,-34.61
14.774,-24.743,-32.316
13.998,-24.213,-33.5
14.069,-25.972,-31.724
17.291,-22.899,-32.59
17.77,-21.628,-33.173
19.068,-21.776,-33.952
19.278,-21.12,-34.954
17.993,-20.624,-32.121
19.971,-22.588,-33.44
21.272,-22.717,-34.118
21.203,-23.365,-35.52
21.7,-22.787,-36.479
22.246,-23.447,-33.174
23.714,-23.367,-33.593
24.375,-22.147,-33.684
24.431,-24.51,-33.868
25.721,-22.081,-34.033
25.765,-24.448,-34.217
26.419,-23.255,-34.318
20.547,-24.532,-35.665
20.403,-25.062,-37.033
19.626,-24.153,-37.969
19.871,-24.092,-39.177
19.635,-26.399,-36.844
19.643,-26.679,-35.439
19.926,-25.418,-34.666
18.655,-23.421,-37.429
17.959,-22.437,-38.24
18.893,-21.378,-38.818
18.767,-20.989,-39.969
16.901,-21.705,-37.412
15.951,-22.615,-36.936
19.831,-20.876,-38.016
20.742,-19.863,-38.532
21.669,-20.497,-39.557
22.129,-19.833,-40.462
21.648,-19.339,-37.398
21.135,-18.227,-36.52
22.237,-17.97,-35.485
20.85,-17.033,-37.416
22.035,-21.751,-39.319
22.953,-22.402,-40.258
22.315,-22.524,-41.632
22.992,-22.37,-42.643
23.38,-23.79,-39.748
24.446,-23.804,-38.653
24.448,-25.135,-37.953
25.826,-23.432,-39.218
21.009,-22.795,-41.657
20.348,-22.882,-42.947
20.265,-21.512,-43.627
20.385,-21.427,-44.847
19.015,-23.614,-42.88
19.188,-25.139,-42.774
20.396,-25.68,-43.577
21.447,-25.977,-42.956
20.302,-25.817,-44.827
20.084,-20.428,-42.869
20.15,-19.112,-43.5
21.554,-18.839,-44.083
21.707,-18.335,-45.193
19.777,-17.98,-42.492
18.298,-18.138,-42.111
20.043,-16.63,-43.087
17.849,-17.389,-40.793
22.575,-19.16,-43.289
23.936,-18.94,-43.702
24.22,-19.727,-44.986
24.819,-19.221,-45.896
24.93,-19.362,-42.583
23.765,-20.965,-45.034
24.059,-21.783,-46.244
23.35,-21.172,-47.45
23.886,-21.18,-48.567
23.634,-23.235,-46.041
24.095,-24.143,-47.201
23.308,-25.423,-47.239
23.261,-26.13,-45.957
24.144,-27.052,-45.566
25.177,-27.37,-46.35
23.994,-27.662,-44.388
22.168,-20.609,-47.219
21.408,-19.94,-48.27
22.103,-18.747,-48.898
21.855,-18.383,-50.071
22.974,-18.09,-48.136
23.696,-16.959,-48.685
25.152,-17.282,-48.874
25.987,-16.387,-48.976
23.483,-15.666,-47.874
23.789,-15.867,-46.391
22.023,-15.229,-47.96
23.704,-14.54,-45.585
25.439,-18.58,-48.929
26.728,-19.075,-49.366
27.9,-18.69,-48.474
29.019,-18.465,-48.957
26.989,-18.605,-50.806
26.028,-19.227,-51.78
25.725,-20.422,-51.687
25.508,-18.421,-52.699
27.664,-18.624,-47.16
28.768,-18.378,-46.245
29.605,-19.657,-46.118
29.057,-20.736,-45.938
28.233,-17.938,-44.87
27.642,-16.531,-44.998
29.296,-18.005,-43.799
26.841,-16.161,-43.717
30.916,-19.531,-46.247
31.791,-20.697,-46.197
32.194,-20.971,-44.752
33.23,-20.496,-44.29
33.053,-20.401,-47.003
33.899,-21.617,-47.214
33.525,-22.704,-46.721
34.942,-21.477,-47.89
31.345,-21.701,-44.035
31.707,-22.292,-42.74
31.477,-23.827,-42.867
30.803,-24.26,-43.806
30.848,-21.703,-41.568
31.206,-20.203,-41.31
29.373,-21.867,-41.86
32.045,-24.649,-41.962
31.917,-26.118,-42.034
30.528,-26.611,-41.6
30.385,-26.997,-40.458
32.928,-26.622,-40.972
33.676,-25.46,-40.488
32.92,-24.218,-40.861
29.544,-26.609,-42.493
28.214,-27.089,-42.183
28.252,-28.556,-41.829
27.35,-29.079,-41.181
27.297,-26.895,-43.408
27.145,-25.426,-43.738
26.322,-24.617,-42.972
27.842,-24.857,-44.78
26.195,-23.264,-43.26
27.735,-23.511,-45.07
26.921,-22.723,-44.29
26.845,-21.379,-44.582
29.305,-29.22,-42.295
29.404,-30.651,-42.038
30.268,-30.994,-40.827
30.622,-32.148,-40.605
29.901,-31.354,-43.31
31.148,-30.627,-43.991
31.733,-29.618,-43.478
31.553,-31.068,-45.117
30.588,-30.008,-39.998
31.35,-30.307,-38.8
30.707,-31.498,-38.036
29.487,-31.561,-37.849
31.365,-29.048,-37.919
31.907,-29.345,-36.641
31.528,-32.488,-37.616
30.918,-33.683,-37.008
30.039,-33.417,-35.789
29.037,-34.091,-35.551
32.133,-34.555,-36.686
33.069,-34.24,-37.79
32.943,-32.722,-37.987
30.393,-32.413,-35.017
29.595,-32.131,-33.842
28.16,-31.703,-34.217
27.256,-31.758,-33.363
30.343,-31.087,-32.974
30.164,-29.683,-33.549
29.928,-31.221,-31.545
27.921,-31.327,-35.466
26.603,-30.807,-35.882
25.554,-31.856,-36.332
24.39,-31.522,-36.567
26.742,-29.757,-36.966
27.518,-28.506,-36.57
27.52,-27.588,-37.75
26.813,-27.876,-35.337
25.957,-33.112,-36.444
24.99,-34.18,-36.746
23.873,-34.287,-35.674
22.677,-34.365,-35.98
25.78,-35.496,-36.885
24.964,-36.775,-36.997
25.879,-37.992,-36.764
25.135,-39.312,-36.903
24.476,-39.42,-38.238
24.244,-34.26,-34.399
23.264,-34.516,-33.328
22.37,-33.311,-33.022
21.226,-33.471,-32.578
23.957,-34.991,-32.05
22.973,-35.414,-30.972
21.787,-35.666,-31.294
23.389,-35.497,-29.797
22.882,-32.108,-33.257
22.055,-30.918,-33.065
20.919,-30.83,-34.089
19.796,-30.472,-33.741
22.858,-29.614,-33.141
22.0,-28.483,-32.578
23.27,-29.328,-34.575
22.409,-27.129,-33.03
21.198,-31.124,-35.356
20.121,-31.049,-36.37
19.036,-32.076,-36.175
17.896,-31.895,-36.642
20.655,-31.339,-37.733
21.123,-30.142,-38.487
22.305,-29.498,-38.131
20.383,-29.64,-39.561
22.751,-28.399,-38.837
20.817,-28.532,-40.261
22.0,-27.919,-39.893
22.437,-26.818,-40.584
19.416,-33.195,-35.564
18.469,-34.284,-35.392
17.51,-33.813,-34.338
16.289,-33.97,-34.477
19.177,-35.558,-34.94
18.088,-33.228,-33.291
17.325,-32.699,-32.18
16.311,-31.641,-32.604
15.227,-31.601,-32.045
18.239,-32.169,-31.067
18.987,-33.247,-30.304
19.507,-32.707,-28.976
20.712,-33.499,-28.474
20.401,-34.938,-28.227
16.635,-30.796,-33.579
15.689,-29.752,-33.967
14.386,-30.356,-34.529
13.295,-29.945,-34.157
16.281,-28.786,-34.975
15.223,-27.963,-35.632
15.792,-26.86,-36.442
14.647,-26.051,-37.033
15.122,-24.826,-37.708
14.48,-31.332,-35.427
13.251,-31.905,-35.989
12.392,-32.573,-34.92
11.17,-32.477,-34.945
13.566,-32.892,-37.115
14.303,-32.248,-38.287
13.66,-30.945,-38.768
14.358,-29.9,-38.751
12.465,-30.964,-39.162
13.055,-33.224,-33.97
12.399,-33.862,-32.845
11.662,-32.838,-32.006
10.505,-33.04,-31.634
13.421,-34.562,-31.957
13.648,-36.06,-32.159
14.74,-36.547,-31.218
12.358,-36.811,-31.916
12.345,-31.743,-31.698
11.732,-30.684,-30.897
10.53,-30.14,-31.643
9.488,-29.926,-31.061
12.742,-29.569,-30.661
13.174,-29.407,-29.23
14.389,-30.26,-28.932
15.23,-29.622,-27.839
14.388,-29.186,-26.683
10.668,-29.904,-32.936
9.567,-29.291,-33.676
8.3,-30.156,-33.682
7.207,-29.622,-33.575
9.99,-28.897,-35.095
10.978,-27.734,-35.216
11.171,-27.384,-36.689
10.521,-26.523,-34.431
8.443,-31.478,-33.769
7.268,-32.369,-33.743
6.564,-32.422,-32.38
5.393,-32.783,-32.282
7.631,-33.794,-34.221
8.491,-34.425,-33.267
8.355,-33.716,-35.533
7.277,-32.038,-31.332
6.764,-32.089,-29.986
6.052,-30.785,-29.605
5.311,-30.773,-28.631
7.946,-32.316,-29.054
7.612,-32.479,-27.613
8.753,-33.185,-26.886
9.991,-32.409,-26.904
10.981,-32.566,-26.03
10.876,-33.472,-25.061
12.076,-31.815,-26.12
6.306,-29.704,-30.344
5.767,-28.388,-29.982
4.265,-28.473,-30.249
3.869,-28.968,-31.284
6.365,-27.275,-30.878
7.863,-27.142,-30.655
5.684,-25.895,-30.643
8.2,-27.027,-29.233
3.447,-28.003,-29.302
2.003,-28.034,-29.581
1.605,-26.851,-30.46
1.079,-25.85,-29.965
1.389,-27.933,-28.19
2.381,-27.174,-27.379
3.746,-27.56,-27.921
1.894,-26.973,-31.743
1.878,-25.794,-32.605
0.471,-25.237,-32.793
0.286,-24.032,-32.95
2.57,-26.096,-33.923
1.771,-26.983,-34.772
2.362,-27.172,-36.184
1.535,-28.255,-36.898
1.868,-28.618,-38.319
-0.557,-26.072,-32.694
-1.905,-25.535,-32.762
-2.287,-24.735,-31.519
-2.917,-23.68,-31.626
-2.932,-26.638,-33.111
-2.512,-27.391,-34.377
-2.442,-26.491,-35.61
-1.348,-26.328,-36.211
-3.495,-25.924,-35.97
-1.853,-25.187,-30.327
-2.108,-24.432,-29.133
-1.329,-23.098,-29.212
-1.872,-22.061,-28.838
-1.604,-25.195,-27.902
-2.412,-26.471,-27.699
-1.661,-24.306,-26.642
-2.019,-27.218,-26.526
-0.121,-23.178,-29.757
0.711,-21.958,-29.913
0.021,-20.881,-30.725
0.297,-19.708,-30.559
2.031,-22.317,-30.583
3.056,-21.149,-30.725
4.454,-21.736,-31.631
3.807,-21.788,-33.316
-0.846,-21.284,-31.653
-1.606,-20.296,-32.428
-2.902,-19.801,-31.806
-3.543,-18.906,-32.361
-1.918,-20.9,-33.823
-0.753,-20.929,-34.755
0.222,-21.901,-34.725
-0.411,-20.092,-35.769
1.092,-21.684,-35.705
0.727,-20.582,-36.34
-3.306,-20.373,-30.676
-4.598,-20.048,-30.107
-4.542,-19.282,-28.805
-5.449,-18.479,-28.542
-5.388,-21.33,-29.881
-5.935,-21.965,-31.145
-7.152,-21.208,-31.734
-8.179,-22.25,-32.263
-9.125,-21.789,-33.342
-3.559,-19.599,-27.955
-3.442,-18.937,-26.648
-2.009,-18.48,-26.416
-1.099,-19.021,-26.991
-3.856,-19.823,-25.463
-3.02,-21.078,-25.432
-5.348,-20.132,-25.55
-3.121,-21.912,-24.13
-1.823,-17.483,-25.543
-0.436,-17.044,-25.292
0.353,-18.127,-24.606
-0.137,-18.765,-23.665
-0.616,-15.843,-24.349
-2.034,-15.412,-24.551
-2.818,-16.647,-24.863
1.576,-18.337,-25.071
2.495,-19.328,-24.499
3.928,-18.826,-24.608
4.218,-17.855,-25.343
2.462,-20.691,-25.26
3.065,-20.569,-26.552
1.022,-21.258,-25.399
4.845,-19.491,-23.903
6.245,-19.115,-23.997
6.854,-19.366,-25.376
7.924,-18.818,-25.705
7.109,-19.887,-22.96
7.006,-21.284,-23.181
6.617,-19.54,-21.533
6.182,-20.148,-26.243
6.72,-20.427,-27.548
6.785,-19.154,-28.412
7.579,-19.057,-29.362
5.787,-21.426,-28.266
5.848,-22.78,-27.598
4.638,-23.579,-28.139
7.19,-23.388,-28.01
5.959,-18.171,-28.051
5.965,-16.907,-28.801
7.29,-16.203,-28.672
7.598,-15.343,-29.497
4.84,-15.998,-28.301
3.432,-16.551,-28.502
2.395,-15.636,-27.819
3.09,-16.75,-30.015
8.059,-16.493,-27.614
9.384,-15.862,-27.489
10.384,-16.362,-28.501
11.448,-15.745,-28.647
9.89,-16.213,-26.062
11.071,-15.413,-25.6
10.98,-14.104,-25.136
12.37,-15.782,-25.481
12.198,-13.696,-24.789
13.045,-14.696,-24.964
10.09,-17.467,-29.19
11.063,-18.082,-30.085
10.508,-18.482,-31.425
10.772,-19.595,-31.883
11.682,-19.311,-29.425
10.695,-20.228,-29.07
9.817,-17.572,-32.101
9.174,-17.939,-33.363
10.178,-18.08,-34.518
9.859,-18.754,-35.528
8.114,-16.903,-33.728
6.889,-16.86,-32.798
6.025,-15.663,-33.195
6.127,-18.187,-32.815
11.352,-17.45,-34.385
12.291,-17.298,-35.522
12.851,-18.617,-36.045
13.193,-18.703,-37.243
13.376,-16.237,-35.24
14.499,-16.67,-34.254
14.135,-16.592,-32.774
12.967,-16.318,-32.414
15.03,-16.876,-31.959
12.844,-19.655,-35.212
13.217,-20.995,-35.693
12.115,-21.918,-36.224
12.382,-23.066,-36.601
10.873,-21.438,-36.256
9.738,-22.229,-36.741
9.333,-21.97,-38.187
9.65,-20.94,-38.756
8.549,-21.964,-35.854
8.954,-22.035,-34.417
7.509,-22.022,-33.432
8.177,-22.255,-31.788
8.595,-22.915,-38.763
8.162,-22.785,-40.147
6.661,-23.015,-40.236
6.045,-23.549,-39.296
8.913,-23.774,-41.055
8.438,-25.225,-40.948
9.202,-26.149,-41.919
10.536,-26.469,-41.415
10.812,-27.514,-40.639
9.843,-28.353,-40.286
12.057,-27.721,-40.217
6.069,-22.596,-41.355
4.644,-22.847,-41.589
3.76,-22.253,-40.488
2.911,-22.932,-39.922
4.373,-24.356,-41.704
5.118,-25.003,-42.864
5.358,-24.314,-43.884
5.468,-26.202,-42.75
3.979,-20.984,-40.175
3.167,-20.31,-39.172
1.96,-19.631,-39.807
1.991,-19.278,-41.009
4.036,-19.264,-38.52
5.298,-19.845,-37.904
6.192,-18.691,-37.485
4.876,-20.633,-36.677
0.896,-19.469,-39.039
-0.311,-18.782,-39.505
-0.376,-17.42,-38.809
-0.83,-17.302,-37.662
-1.555,-19.634,-39.202
-2.844,-18.998,-39.689
-2.855,-17.791,-39.982
-3.862,-19.715,-39.76
0.093,-16.377,-39.51
0.236,-15.066,-38.879
-1.079,-14.406,-38.568
-1.198,-13.583,-37.668
1.144,-14.187,-39.747
2.564,-14.677,-39.721
3.244,-15.364,-40.679
3.453,-14.553,-38.613
4.512,-15.668,-40.232
4.665,-15.148,-38.976
3.331,-13.969,-37.35
5.758,-15.21,-38.093
4.421,-14.001,-36.492
5.6,-14.635,-36.863
-2.125,-14.753,-39.322
-3.395,-14.19,-38.954
-3.802,-14.592,-37.517
-4.309,-13.773,-36.754
-4.483,-14.563,-39.98
-5.835,-13.952,-39.615
-6.726,-14.892,-38.792
-7.625,-14.396,-38.076
-6.535,-16.127,-38.86
-3.557,-15.848,-37.158
-3.778,-16.29,-35.777
-2.727,-15.724,-34.826
-3.082,-15.26,-33.775
-3.76,-17.828,-35.693
-4.934,-18.5,-36.437
-4.923,-20.024,-36.24
-6.136,-20.679,-36.921
-6.241,-20.168,-38.318
-1.465,-15.775,-35.231
-0.426,-15.343,-34.247
-0.505,-13.867,-33.931
-0.231,-13.442,-32.811
0.957,-15.678,-34.779
1.389,-17.134,-34.808
2.702,-17.298,-35.588
1.564,-17.698,-33.422
-0.868,-13.048,-34.921
-0.945,-11.622,-34.575
-1.977,-11.293,-33.494
-1.858,-10.283,-32.77
-1.181,-10.791,-35.852
0.084,-10.668,-36.688
-0.275,-10.293,-38.158
1.086,-9.685,-36.054
-2.983,-12.154,-33.31
-3.922,-11.953,-32.221
-3.268,-12.187,-30.835
-3.831,-11.821,-29.827
-5.116,-12.888,-32.391
-5.803,-12.732,-33.747
-7.042,-13.645,-33.738
-7.778,-13.613,-35.064
-8.202,-12.222,-35.395
-2.066,-12.759,-30.844
-1.359,-13.092,-29.601
-0.188,-12.164,-29.341
0.596,-12.398,-28.417
-0.833,-14.517,-29.653
-1.954,-15.54,-29.878
-1.325,-16.906,-30.013
-3.003,-15.532,-28.734
-0.058,-11.122,-30.154
0.95,-10.081,-29.909
0.749,-9.443,-28.553
-0.396,-9.265,-28.068
0.799,-9.032,-31.017
1.814,-7.939,-31.057
1.629,-7.138,-32.341
2.59,-6.836,-33.062
0.381,-6.834,-32.645
1.866,-9.092,-27.897
1.785,-8.42,-26.645
1.383,-6.962,-26.846
1.404,-6.444,-27.962
3.15,-8.523,-25.94
3.382,-9.902,-25.523
0.974,-6.339,-25.745
0.459,-4.982,-25.811
1.49,-3.918,-26.116
1.119,-2.76,-26.402
-0.281,-4.659,-24.516
-1.677,-5.343,-24.497
-2.407,-5.07,-23.21
-1.812,-5.072,-22.111
-3.698,-4.82,-23.323
2.758,-4.301,-26.129
3.802,-3.389,-26.601
4.293,-3.711,-27.992
5.281,-3.109,-28.461
4.992,-3.379,-25.608
5.78,-4.708,-25.573
5.369,-5.708,-26.189
6.822,-4.728,-24.891
3.564,-4.571,-28.713
3.909,-4.903,-30.082
4.8,-6.139,-30.231
5.001,-6.607,-31.373
5.373,-6.617,-29.115
6.308,-7.728,-29.238
5.625,-9.081,-29.345
4.457,-9.264,-28.978
7.245,-7.75,-28.036
6.577,-8.056,-26.822
6.405,-10.053,-29.786
6.07,-11.454,-29.504
6.842,-11.881,-28.274
8.062,-12.021,-28.286
6.332,-12.325,-30.729
5.204,-12.21,-31.715
4.049,-12.918,-31.468
5.22,-11.274,-32.721
2.942,-12.805,-32.307
4.075,-11.132,-33.568
2.955,-11.922,-33.342
6.067,-11.994,-27.193
6.516,-12.223,-25.818
7.89,-11.633,-25.473
8.761,-12.292,-24.943
6.375,-13.709,-25.464
6.442,-13.99,-23.941
5.348,-13.294,-23.17
6.384,-15.506,-23.727
8.019,-10.343,-25.742
9.151,-9.576,-25.249
10.488,-10.036,-25.803
11.536,-9.788,-25.202
9.146,-9.538,-23.704
7.801,-9.188,-23.149
7.261,-7.937,-23.481
7.043,-10.094,-22.42
6.004,-7.583,-23.055
5.78,-9.74,-21.96
5.256,-8.465,-22.284
10.442,-10.673,-26.974
11.684,-11.046,-27.654
11.987,-10.235,-28.893
11.232,-10.307,-29.865
11.605,-12.529,-28.073
12.671,-12.831,-29.008
13.086,-9.489,-28.895
13.374,-8.716,-30.123
13.583,-9.621,-31.348
13.096,-9.277,-32.444
14.63,-7.91,-29.728
14.439,-7.654,-28.233
13.929,-9.054,-27.746
14.312,-10.734,-31.216
14.483,-11.595,-32.394
13.164,-12.189,-32.921
12.948,-12.269,-34.132
15.558,-12.659,-32.139
15.253,-13.321,-30.902
12.291,-12.652,-32.012
11.051,-13.262,-32.436
10.197,-12.189,-33.12
9.528,-12.438,-34.149
10.346,-13.833,-31.202
9.256,-14.671,-31.631
10.257,-10.982,-32.534
9.487,-9.854,-33.102
10.051,-9.413,-34.458
9.282,-9.027,-35.365
9.484,-8.722,-32.083
8.907,-9.206,-30.859
8.527,-7.582,-32.555
11.367,-9.435,-34.627
11.983,-9.082,-35.913
11.561,-10.079,-36.969
11.214,-9.694,-38.086
13.525,-9.06,-35.753
11.559,-11.375,-36.636
11.145,-12.376,-37.583
9.707,-12.136,-37.916
9.334,-12.184,-39.121
11.334,-13.762,-36.928
10.776,-14.901,-37.742
11.371,-15.273,-38.923
9.692,-15.618,-37.267
10.857,-16.364,-39.679
9.217,-16.701,-38.004
9.779,-17.045,-39.194
8.871,-11.875,-36.915
7.452,-11.618,-37.205
7.311,-10.426,-38.142
6.492,-10.452,-39.067
6.678,-11.353,-35.904
8.084,-9.381,-37.884
7.976,-8.224,-38.765
8.387,-8.577,-40.193
7.756,-8.082,-41.169
8.803,-7.054,-38.245
8.735,-5.872,-39.155
7.613,-5.085,-39.134
9.716,-5.646,-40.085
7.471,-3.985,-40.018
9.602,-4.557,-40.967
8.461,-3.747,-40.929
9.439,-9.389,-40.367
9.878,-9.739,-41.727
8.732,-10.46,-42.469
8.554,-10.274,-43.688
11.099,-10.67,-41.703
12.265,-9.966,-41.197
13.59,-11.215,-41.002
14.632,-10.53,-39.728
7.931,-11.244,-41.731
6.887,-12.085,-42.324
5.552,-11.388,-42.477
4.692,-11.871,-43.238
6.69,-13.356,-41.482
7.984,-14.123,-41.331
8.322,-14.939,-42.531
7.585,-15.84,-42.892
9.445,-14.642,-43.152
5.344,-10.276,-41.787
4.007,-9.663,-41.728
4.036,-8.16,-42.002
2.976,-7.577,-42.327
3.356,-9.811,-40.342
4.099,-9.046,-39.394
3.265,-11.296,-39.922
5.202,-7.534,-41.882
5.307,-6.063,-41.928
4.353,-5.35,-40.951
3.999,-4.187,-41.155
5.087,-5.59,-43.387
5.902,-6.359,-44.406
7.417,-6.217,-44.244
7.946,-4.845,-44.359
9.253,-4.584,-44.367
10.137,-5.597,-44.32
9.699,-3.333,-44.463
4.033,-5.999,-39.817
3.13,-5.423,-38.855
3.742,-4.189,-38.184
4.873,-4.213,-37.65
2.808,-6.473,-37.779
1.864,-5.948,-36.737
0.643,-5.961,-37.013
2.322,-5.471,-35.672
2.996,-3.083,-38.162
3.525,-1.836,-37.626
3.783,-1.864,-36.153
4.681,-1.186,-35.68
2.592,-0.656,-37.983
1.377,-0.712,-37.263
2.985,-2.604,-35.378
3.199,-2.622,-33.956
4.495,-3.415,-33.623
5.222,-3.016,-32.708
2.002,-3.232,-33.257
0.781,-2.283,-33.253
0.929,-1.074,-33.357
-0.394,-2.849,-33.114
4.797,-4.443,-34.415
6.115,-5.12,-34.25
7.223,-4.133,-34.497
8.197,-4.046,-33.733
6.272,-6.308,-35.188
5.196,-7.711,-34.882
7.069,-3.348,-35.582
8.109,-2.385,-35.891
8.275,-1.365,-34.777
9.402,-0.99,-34.467
7.769,-1.669,-37.217
8.937,-0.84,-37.739
10.144,-1.715,-37.947
8.498,-0.183,-39.078
7.181,-0.892,-34.154
7.35,0.103,-33.11
8.056,-0.458,-31.855
8.823,0.254,-31.213
6.02,0.7,-32.696
6.081,1.539,-31.345
7.215,2.601,-31.261
7.605,2.94,-30.118
7.696,3.112,-32.301
7.759,-1.713,-31.503
8.496,-2.322,-30.415
10.005,-2.281,-30.696
10.81,-1.972,-29.812
8.039,-3.765,-30.258
8.887,-4.566,-29.301
8.727,-4.463,-27.907
9.823,-5.449,-29.823
9.525,-5.243,-27.051
10.637,-6.211,-28.943
10.441,-6.106,-27.588
11.221,-6.894,-26.732
10.369,-2.632,-31.927
11.771,-2.69,-32.3
12.368,-1.315,-32.364
13.481,-1.098,-31.887
11.922,-3.435,-33.632
11.55,-4.948,-33.536
11.601,-5.458,-34.984
12.517,-5.702,-32.62
11.624,-0.35,-32.92
12.169,1.027,-32.957
12.472,1.533,-31.538
13.514,2.171,-31.29
11.18,1.976,-33.595
11.14,1.906,-35.128
10.019,2.768,-35.681
10.163,2.877,-37.132
9.173,3.231,-37.938
7.966,3.429,-37.435
9.383,3.344,-39.253
11.558,1.253,-30.608
11.734,1.71,-29.238
12.965,1.072,-28.592
13.779,1.766,-27.964
10.509,1.373,-28.429
10.667,1.748,-26.955
10.862,0.856,-26.096
10.644,3.042,-26.661
13.139,-0.228,-28.809
14.261,-0.912,-28.184
15.59,-0.471,-28.812
16.58,-0.226,-28.097
14.075,-2.471,-28.328
15.645,-0.372,-30.15
16.884,0.022,-30.839
17.277,1.443,-30.403
18.469,1.734,-30.202
16.645,-0.037,-32.373
17.75,0.683,-33.124
16.567,-1.503,-32.842
16.283,2.308,-30.217
16.567,3.674,-29.755
17.149,3.677,-28.343
18.208,4.29,-28.078
15.291,4.519,-29.778
15.523,5.983,-29.288
14.22,6.783,-29.389
14.255,8.085,-28.586
15.365,8.992,-28.995
16.542,2.898,-27.45
16.974,2.894,-26.046
18.378,2.363,-25.919
19.146,2.8,-25.066
16.019,2.007,-25.244
16.583,1.482,-23.919
16.725,2.559,-22.889
17.168,1.934,-21.633
18.434,1.607,-21.374
19.401,1.868,-22.254
18.73,1.001,-20.228
18.736,1.374,-26.742
20.038,0.795,-26.607
21.011,1.173,-27.691
22.027,0.467,-27.877
19.905,-0.75,-26.565
19.173,-1.244,-25.364
19.801,-1.283,-24.158
17.855,-1.599,-25.462
19.109,-1.705,-23.028
17.154,-2.047,-24.354
17.811,-2.096,-23.127
20.749,2.294,-28.387
21.72,2.856,-29.33
22.159,1.853,-30.397
23.347,1.731,-30.713
22.933,3.374,-28.561
22.614,4.615,-27.725
21.944,5.547,-28.194
23.1,4.633,-26.48
21.193,1.109,-30.924
21.439,0.207,-32.023
21.307,-1.258,-31.641
20.89,-2.099,-32.436
21.689,-1.596,-30.428
21.594,-3.006,-30.032
20.211,-3.284,-29.474
19.416,-2.334,-29.222
19.908,-4.585,-29.26
18.709,-4.936,-28.456
19.126,-6.098,-27.539
20.001,-6.855,-27.867
17.502,-5.388,-29.299
16.988,-4.15,-30.158
17.906,-6.493,-30.261
18.442,-6.25,-26.426
18.685,-7.367,-25.52
17.922,-8.602,-25.947
17.158,-8.563,-26.923
18.141,-6.868,-24.173
17.192,-5.829,-24.493
17.445,-5.298,-25.888
18.095,-9.697,-25.185
17.278,-10.888,-25.562
15.884,-10.956,-24.981
15.064,-11.796,-25.366
17.977,-12.242,-25.307
18.214,-12.536,-23.87
17.311,-12.757,-23.07
19.511,-12.642,-23.516
15.591,-10.039,-24.081
14.26,-9.937,-23.492
14.08,-8.489,-23.084
14.985,-7.875,-22.498
14.065,-10.931,-22.33
15.126,-10.804,-21.261
12.655,-10.847,-21.705
12.895,-7.944,-23.385
12.674,-6.538,-23.076
11.216,-6.199,-23.21
10.569,-6.61,-24.202
13.46,-5.672,-24.106
13.512,-4.234,-23.715
14.27,-3.834,-22.621
12.79,-3.297,-24.442
14.305,-2.494,-22.205
12.827,-1.951,-24.047
13.597,-1.572,-22.938
10.669,-5.407,-22.289
11.264,-4.928,-21.038
11.514,-6.036,-20.022
11.029,-7.177,-20.153
10.19,-4.02,-20.457
9.193,-3.787,-21.571
9.269,-5.022,-22.463
