x,y,z
-17.759,-6.056,44.466
-19.172,-5.712,44.378
-19.942,-6.783,43.599
-21.175,-6.807,43.596
-19.345,-4.341,43.718
-20.748,-3.752,43.839
-20.904,-2.139,43.045
-22.638,-1.788,43.325
-19.2,-7.671,42.945
-19.799,-8.736,42.153
-20.651,-9.666,43.015
-21.781,-9.991,42.653
-18.713,-9.523,41.423
-17.853,-8.683,40.479
-16.724,-9.516,39.89
-18.714,-8.08,39.38
-20.11,-10.078,44.159
-20.836,-10.932,45.097
-22.131,-10.275,45.586
-23.183,-10.914,45.635
-19.953,-11.322,46.307
-20.768,-12.063,47.355
-18.772,-12.167,45.852
-22.053,-8.993,45.93
-23.218,-8.271,46.435
-24.346,-8.181,45.402
-25.475,-8.593,45.671
-22.822,-6.878,46.944
-23.983,-6.079,47.53
-23.502,-4.865,48.314
-24.659,-3.933,48.634
-25.846,-4.681,49.133
-24.037,-7.657,44.221
-25.029,-7.553,43.149
-25.542,-8.933,42.723
-26.691,-9.08,42.297
-24.461,-6.811,41.919
-23.773,-5.51,42.339
-25.559,-6.512,40.915
-23.098,-4.789,41.19
-24.684,-9.944,42.833
-25.089,-11.319,42.549
-26.122,-11.753,43.583
-27.03,-12.536,43.292
-23.875,-12.284,42.538
-23.15,-12.112,41.316
-24.315,-13.739,42.646
-26.001,-11.197,44.782
-26.907,-11.526,45.869
-28.164,-10.653,45.894
-29.226,-11.097,46.336
-26.174,-11.429,47.209
-26.962,-11.96,48.39
-27.405,-13.398,48.16
-28.758,-13.487,47.611
-29.326,-14.621,47.213
-28.66,-15.765,47.301
-30.558,-14.613,46.728
-28.051,-9.416,45.423
-29.174,-8.485,45.522
-30.118,-8.538,44.329
-31.338,-8.439,44.485
-28.686,-7.053,45.745
-29.078,-6.492,47.11
-28.573,-7.408,48.22
-28.563,-5.068,47.298
-29.559,-8.691,43.134
-30.391,-8.708,41.941
-31.506,-9.764,41.938
-32.604,-9.49,41.452
-29.566,-8.791,40.662
-30.396,-8.675,39.431
-30.992,-7.47,39.103
-30.617,-9.77,38.625
-31.778,-7.357,37.976
-31.397,-9.661,37.495
-31.976,-8.45,37.174
-31.237,-10.966,42.479
-32.359,-11.905,42.59
-33.482,-11.449,43.535
-34.642,-11.811,43.302
-31.698,-13.198,43.09
-30.306,-12.831,43.483
-29.942,-11.642,42.675
-33.16,-10.667,44.563
-34.201,-10.098,45.415
-35.059,-9.115,44.61
-36.288,-9.175,44.648
-33.619,-9.402,46.673
-34.719,-8.72,47.461
-32.888,-10.41,47.541
-34.398,-8.224,43.876
-35.066,-7.295,42.967
-35.982,-7.973,41.95
-37.135,-7.563,41.762
-34.026,-6.467,42.215
-33.4,-5.399,43.039
-32.109,-5.349,43.481
-34.04,-4.217,43.532
-31.907,-4.208,44.217
-33.077,-3.495,44.262
-35.334,-3.695,43.42
-33.367,-2.281,44.879
-35.62,-2.493,44.039
-34.642,-1.799,44.756
-35.461,-8.994,41.275
-36.238,-9.707,40.273
-37.48,-10.356,40.874
-38.525,-10.418,40.227
-35.376,-10.751,39.562
-37.355,-10.853,42.102
-38.484,-11.47,42.787
-39.527,-10.435,43.176
-40.72,-10.629,42.942
-38.023,-12.214,44.045
-37.667,-13.697,43.926
-37.226,-14.24,45.294
-38.848,-14.484,43.383
-39.07,-9.346,43.787
-39.972,-8.278,44.203
-40.73,-7.674,43.016
-41.938,-7.456,43.096
-39.209,-7.187,44.969
-38.731,-7.498,46.393
-37.654,-6.52,46.837
-39.901,-7.44,47.367
-40.034,-7.412,41.914
-40.701,-6.834,40.752
-41.716,-7.797,40.155
-42.813,-7.383,39.769
-39.7,-6.422,39.675
-39.215,-4.973,39.7
-40.39,-4.03,39.486
-38.498,-4.667,41.006
-41.349,-9.077,40.064
-42.258,-10.056,39.468
-43.499,-10.252,40.339
-44.611,-10.392,39.827
-41.542,-11.392,39.179
-41.14,-11.996,40.392
-43.308,-10.222,41.656
-44.42,-10.256,42.602
-45.296,-9.009,42.492
-46.525,-9.095,42.504
-43.921,-10.443,44.049
-45.061,-10.279,45.044
-43.278,-11.811,44.202
-44.667,-7.849,42.357
-45.413,-6.6,42.184
-46.254,-6.611,40.914
-47.37,-6.074,40.894
-44.485,-5.415,42.183
-45.719,-7.222,39.86
-46.438,-7.328,38.592
-47.614,-8.297,38.702
-48.642,-8.128,38.035
-45.493,-7.747,37.462
-47.459,-9.325,39.528
-48.561,-10.242,39.766
-49.731,-9.555,40.494
-50.887,-9.75,40.131
-48.095,-11.48,40.539
-49.232,-12.425,40.893
-49.792,-13.26,39.936
-49.746,-12.473,42.187
-50.836,-14.118,40.25
-50.787,-13.327,42.512
-51.33,-14.148,41.54
-52.363,-15.001,41.862
-49.437,-8.758,41.518
-50.5,-8.089,42.281
-50.992,-6.773,41.695
-52.088,-6.324,42.022
-50.054,-7.833,43.72
-49.996,-9.069,44.556
-51.159,-9.633,45.055
-48.785,-9.666,44.847
-51.114,-10.775,45.829
-48.732,-10.81,45.616
-49.902,-11.363,46.111
-50.17,-6.129,40.875
-50.542,-4.841,40.293
-50.265,-4.795,38.796
-49.47,-3.972,38.352
-49.771,-3.695,40.968
-49.978,-3.574,42.471
-51.287,-2.872,42.8
-51.303,-2.443,44.192
-51.678,-3.23,45.187
-52.077,-4.465,44.917
-51.664,-2.789,46.431
-50.928,-5.659,38.009
-50.522,-5.753,36.599
-50.725,-4.452,35.806
-49.915,-4.154,34.93
-51.383,-6.904,36.049
-52.525,-7.045,37.019
-51.984,-6.629,38.357
-51.751,-3.669,36.136
-52.01,-2.422,35.421
-50.902,-1.373,35.575
-50.808,-0.44,34.785
-53.394,-1.818,35.802
-53.464,-1.616,37.22
-54.499,-2.774,35.402
-50.051,-1.528,36.579
-48.927,-0.613,36.751
-47.821,-0.832,35.706
-47.071,0.095,35.383
-48.363,-0.715,38.187
-49.407,-0.403,39.112
-47.205,0.242,38.407
-47.748,-2.046,35.163
-46.636,-2.452,34.291
-46.978,-2.794,32.839
-46.074,-3.033,32.04
-45.902,-3.661,34.902
-45.438,-3.437,36.312
-44.259,-2.75,36.568
-46.182,-3.902,37.378
-43.832,-2.538,37.853
-45.763,-3.687,38.68
-44.588,-3.007,38.919
-48.261,-2.868,32.494
-48.638,-3.27,31.134
-48.205,-2.263,30.061
-47.976,-2.636,28.915
-50.153,-3.496,30.984
-50.852,-2.449,31.662
-50.545,-4.832,31.557
-48.084,-0.997,30.437
-47.659,0.032,29.502
-46.228,-0.133,29.007
-45.799,0.532,28.06
-45.485,-1.023,29.656
-44.113,-1.322,29.26
-44.109,-2.31,28.095
-43.143,-2.381,27.324
-43.319,-1.87,30.466
-43.225,-0.794,31.552
-41.919,-2.331,30.068
-42.723,-1.337,32.885
-45.213,-3.04,27.955
-45.37,-4.048,26.918
-44.813,-3.699,25.535
-43.986,-4.439,25.003
-45.249,-2.565,24.951
-44.767,-2.145,23.623
-43.248,-1.93,23.521
-42.709,-1.953,22.41
-45.482,-0.81,23.403
-46.712,-0.904,24.212
-46.341,-1.698,25.432
-42.577,-1.728,24.649
-41.152,-1.398,24.654
-40.245,-2.59,24.947
-39.031,-2.43,25.084
-40.883,-0.291,25.672
-41.66,0.971,25.385
-41.194,1.897,24.456
-42.868,1.224,26.019
-41.904,3.048,24.179
-43.585,2.373,25.75
-43.097,3.281,24.829
-43.809,4.425,24.557
-40.83,-3.779,25.038
-40.065,-4.976,25.369
-38.967,-5.262,24.328
-37.818,-5.551,24.681
-41.0,-6.193,25.575
-40.214,-7.494,25.602
-41.805,-6.032,26.871
-39.325,-5.172,23.052
-38.362,-5.326,21.973
-37.169,-4.393,22.085
-36.019,-4.848,22.12
-37.426,-3.079,22.137
-36.309,-2.13,22.24
-35.481,-2.301,23.516
-34.275,-2.053,23.483
-37.009,-0.769,22.224
-38.264,-1.007,21.458
-38.701,-2.396,21.839
-36.114,-2.704,24.618
-35.385,-2.947,25.855
-34.391,-4.09,25.661
-33.236,-3.991,26.076
-36.347,-3.254,27.012
-37.057,-2.028,27.614
-38.184,-2.45,28.558
-36.07,-1.124,28.338
-34.838,-5.17,25.029
-33.946,-6.3,24.787
-32.782,-5.887,23.89
-31.64,-6.277,24.127
-34.698,-7.487,24.18
-33.889,-8.787,24.063
-33.331,-9.234,25.422
-34.751,-9.886,23.472
-33.08,-5.084,22.874
-32.052,-4.487,22.015
-30.948,-3.78,22.802
-29.758,-3.95,22.508
-32.684,-3.515,21.012
-33.598,-4.191,20.003
-34.272,-3.048,18.781
-32.772,-2.326,18.124
-31.353,-2.988,23.792
-30.411,-2.286,24.654
-29.494,-3.25,25.379
-28.282,-3.048,25.43
-31.157,-1.461,25.697
-31.342,0.029,25.468
-31.94,0.647,26.73
-30.019,0.697,25.098
-30.098,-4.276,25.972
-29.357,-5.299,26.685
-28.367,-5.991,25.76
-27.23,-6.237,26.144
-30.301,-6.361,27.295
-31.235,-5.726,28.326
-29.501,-7.473,27.956
-32.374,-6.652,28.749
-28.799,-6.299,24.54
-27.936,-6.994,23.582
-26.794,-6.106,23.094
-25.674,-6.572,22.884
-28.756,-7.54,22.404
-29.769,-8.623,22.809
-29.012,-10.139,23.448
-29.238,-9.956,25.198
-27.081,-4.825,22.918
-26.042,-3.875,22.567
-25.006,-3.761,23.685
-23.793,-3.739,23.436
-26.654,-2.51,22.28
-25.642,-1.464,21.901
-25.032,-1.495,20.665
-25.308,-0.453,22.783
-24.098,-0.533,20.309
-24.375,0.51,22.437
-23.773,0.468,21.2
-25.495,-3.683,24.916
-24.624,-3.55,26.077
-23.695,-4.753,26.185
-22.542,-4.616,26.586
-25.441,-3.373,27.352
-24.18,-5.929,25.804
-23.343,-7.121,25.795
-22.334,-7.047,24.653
-21.156,-7.389,24.821
-24.204,-8.379,25.671
-25.21,-8.582,26.809
-24.508,-9.259,28.331
-24.086,-7.77,29.231
-22.808,-6.605,23.491
-21.968,-6.472,22.31
-20.768,-5.563,22.506
-19.665,-5.888,22.061
-20.967,-4.43,23.178
-19.877,-3.469,23.358
-18.75,-4.023,24.228
-17.645,-3.506,24.209
-20.351,-2.109,23.937
-21.372,-1.451,23.028
-20.923,-2.291,25.306
-19.03,-5.077,24.986
-17.99,-5.742,25.767
-17.218,-6.786,24.955
-16.12,-7.19,25.339
-18.566,-6.415,27.019
-19.468,-7.461,26.63
-19.299,-5.395,27.868
-17.792,-7.222,23.837
-17.157,-8.242,23.003
-15.865,-7.752,22.371
-15.741,-6.579,22.018
-18.101,-8.718,21.898
-19.32,-9.534,22.312
-20.065,-10.01,21.076
-18.896,-10.708,23.175
-14.91,-8.668,22.235
-13.648,-8.403,21.554
-13.477,-9.401,20.416
-14.093,-10.465,20.419
-12.479,-8.551,22.526
-12.553,-7.648,23.737
-11.322,-7.822,24.611
-11.221,-6.774,25.622
-10.613,-5.608,25.43
-10.047,-5.337,24.26
-10.571,-4.713,26.408
-12.633,-9.07,19.446
-12.363,-9.997,18.353
-11.578,-11.211,18.842
-11.57,-12.254,18.192
-11.618,-9.3,17.208
-12.424,-8.283,16.392
-11.621,-7.772,15.197
-13.748,-8.881,15.939
-10.924,-11.075,19.991
-10.18,-12.182,20.582
-11.143,-13.256,21.085
-10.769,-14.421,21.246
-9.308,-11.688,21.736
-8.183,-12.652,22.074
-8.15,-13.761,21.497
-7.329,-12.303,22.918
-12.383,-12.853,21.337
-13.405,-13.776,21.814
-13.816,-14.739,20.716
-14.196,-15.879,20.985
-14.62,-13.005,22.314
-14.301,-12.154,23.523
-13.662,-12.681,24.459
-14.675,-10.961,23.531
-13.744,-14.276,19.475
-14.07,-15.131,18.347
-12.877,-16.018,17.996
-13.055,-17.158,17.576
-14.539,-14.298,17.148
-15.891,-13.667,17.343
-17.048,-14.42,17.212
-16.006,-12.326,17.665
-18.296,-13.846,17.396
-17.249,-11.749,17.851
-18.395,-12.507,17.714
-11.668,-15.492,18.194
-10.431,-16.249,17.989
-10.373,-17.52,18.842
-9.764,-18.516,18.451
-9.209,-15.389,18.329
-8.739,-14.445,17.24
-7.365,-13.878,17.599
-6.867,-12.89,16.561
-5.436,-12.516,16.783
-11.003,-17.47,20.01
-10.95,-18.562,20.979
-11.669,-19.828,20.485
-11.374,-20.941,20.937
-11.543,-18.078,22.31
-11.24,-18.945,23.515
-11.517,-18.177,24.802
-10.723,-16.95,24.879
-11.224,-15.718,24.818
-12.529,-15.524,24.705
-10.416,-14.671,24.885
-12.611,-19.655,19.556
-13.264,-20.782,18.896
-12.219,-21.707,18.27
-12.41,-22.921,18.201
-14.226,-20.301,17.783
-14.878,-21.476,17.082
-15.281,-19.375,18.347
-11.103,-21.124,17.839
-10.046,-21.867,17.157
-9.138,-22.64,18.108
-8.555,-23.654,17.724
-9.189,-20.921,16.31
-9.94,-20.113,15.251
-8.97,-19.302,14.409
-10.763,-21.042,14.386
-9.009,-22.161,19.342
-8.05,-22.745,20.278
-8.719,-23.579,21.363
-8.069,-24.414,21.997
-7.203,-21.656,20.928
-7.981,-20.904,21.833
-10.009,-23.335,21.586
-10.816,-24.174,22.476
-11.986,-24.8,21.72
-13.123,-24.704,22.184
-11.398,-23.349,23.644
-10.382,-22.612,24.531
-9.385,-23.545,25.209
-10.019,-24.455,26.161
-10.384,-24.117,27.396
-10.201,-22.879,27.837
-10.947,-25.02,28.185
-11.728,-25.445,20.558
-12.892,-25.871,19.777
-13.686,-26.992,20.43
-14.894,-27.043,20.214
-12.281,-26.327,18.435
-10.91,-26.757,18.783
-10.461,-25.88,19.937
-13.05,-27.846,21.23
-13.789,-28.932,21.886
-14.909,-28.492,22.856
-16.057,-28.932,22.702
-12.849,-29.953,22.528
-14.595,-27.629,23.849
-15.664,-27.14,24.728
-16.699,-26.286,24.003
-17.871,-26.29,24.392
-14.916,-26.251,25.727
-13.523,-26.737,25.706
-13.273,-27.144,24.295
-16.275,-25.539,22.987
-17.225,-24.725,22.241
-18.212,-25.62,21.494
-19.423,-25.421,21.587
-16.527,-23.715,21.317
-17.534,-23.05,20.381
-15.816,-22.659,22.163
-17.687,-26.621,20.788
-18.519,-27.608,20.115
-19.428,-28.365,21.085
-20.632,-28.502,20.839
-17.657,-28.581,19.327
-18.85,-28.857,22.179
-19.606,-29.613,23.176
-20.737,-28.782,23.75
-21.86,-29.266,23.88
-18.692,-30.091,24.296
-20.436,-27.528,24.084
-21.423,-26.651,24.693
-22.587,-26.407,23.743
-23.746,-26.476,24.14
-20.787,-25.325,25.125
-22.26,-26.12,22.49
-23.261,-25.864,21.471
-24.129,-27.084,21.227
-25.367,-26.999,21.225
-22.581,-25.48,20.156
-21.769,-24.324,20.38
-23.619,-25.201,19.071
-23.478,-28.223,21.013
-24.197,-29.469,20.789
-25.112,-29.855,21.951
-26.29,-30.163,21.74
-23.221,-30.607,20.504
-23.876,-31.947,20.423
-24.553,-32.33,19.279
-23.814,-32.828,21.491
-25.159,-33.566,19.198
-24.42,-34.068,21.418
-25.092,-34.438,20.273
-24.574,-29.851,23.171
-25.358,-30.244,24.345
-26.53,-29.306,24.561
-27.632,-29.732,24.871
-24.498,-30.261,25.604
-23.429,-31.357,25.68
-22.448,-31.042,26.802
-24.071,-32.704,25.888
-26.275,-28.018,24.4
-27.31,-27.019,24.6
-28.496,-27.235,23.648
-29.642,-27.358,24.081
-26.713,-25.632,24.404
-27.706,-24.524,24.535
-28.338,-23.96,23.448
-28.162,-23.864,25.624
-29.146,-23.002,23.865
-29.065,-22.929,25.179
-28.225,-27.276,22.346
-29.307,-27.33,21.375
-29.945,-28.72,21.23
-31.062,-28.845,20.738
-28.853,-26.768,20.023
-28.761,-25.261,20.0
-29.909,-24.475,20.061
-27.536,-24.621,19.939
-29.839,-23.086,20.044
-27.451,-23.215,19.919
-28.606,-22.461,19.964
-28.543,-21.088,19.946
-29.251,-29.758,21.681
-29.857,-31.085,21.761
-30.758,-31.212,23.003
-31.905,-31.645,22.92
-28.768,-32.154,21.834
-29.237,-33.599,22.012
-29.919,-34.099,20.742
-28.075,-34.502,22.401
-30.222,-30.838,24.155
-30.874,-31.151,25.426
-31.937,-30.141,25.844
-33.015,-30.524,26.284
-29.842,-31.352,26.557
-29.08,-32.648,26.312
-30.535,-31.42,27.932
-27.742,-32.716,26.977
-31.654,-28.852,25.704
-32.594,-27.863,26.242
-33.958,-27.787,25.517
-34.98,-27.632,26.16
-31.939,-26.488,26.371
-30.839,-26.432,27.44
-31.476,-26.772,29.114
-32.209,-25.181,29.545
-33.975,-27.862,24.174
-35.296,-27.849,23.525
-36.088,-29.131,23.787
-37.293,-29.082,24.036
-34.952,-27.752,22.027
-33.587,-27.147,21.989
-32.883,-27.694,23.203
-35.407,-30.268,23.73
-36.032,-31.558,23.994
-36.58,-31.62,25.426
-37.688,-32.113,25.669
-34.996,-32.668,23.78
-35.413,-34.129,23.943
-36.576,-34.467,23.014
-34.216,-35.06,23.669
-35.787,-31.141,26.369
-36.216,-31.095,27.782
-37.469,-30.23,27.97
-38.412,-30.621,28.67
-35.081,-30.615,28.695
-33.991,-31.552,28.647
-35.557,-30.477,30.169
-37.488,-29.068,27.323
-38.637,-28.162,27.392
-39.909,-28.819,26.89
-40.977,-28.658,27.478
-38.356,-26.894,26.562
-39.791,-29.529,25.768
-40.92,-30.199,25.136
-41.491,-31.295,26.043
-42.713,-31.442,26.194
-40.456,-30.813,23.812
-41.459,-31.68,23.137
-42.68,-31.305,22.664
-41.308,-33.063,22.812
-43.311,-32.376,22.092
-42.49,-33.468,22.165
-40.295,-34.003,23.024
-42.689,-34.772,21.722
-40.493,-35.303,22.588
-41.682,-35.675,21.94
-40.596,-32.077,26.621
-41.0,-33.144,27.53
-41.693,-32.584,28.769
-42.754,-33.063,29.16
-39.795,-34.01,27.923
-39.402,-34.916,26.741
-40.112,-34.839,29.174
-37.988,-35.499,26.853
-41.109,-31.55,29.366
-41.71,-30.941,30.554
-43.086,-30.356,30.255
-44.008,-30.513,31.056
-40.787,-29.884,31.177
-39.487,-30.459,31.749
-38.492,-29.35,32.096
-39.809,-31.295,32.984
-43.235,-29.693,29.106
-44.531,-29.138,28.726
-45.598,-30.234,28.623
-46.749,-30.037,29.014
-44.426,-28.363,27.398
-45.213,-31.385,28.085
-46.122,-32.524,27.995
-46.44,-33.119,29.37
-47.582,-33.486,29.644
-45.531,-33.619,27.106
-45.656,-33.361,25.611
-45.079,-34.785,24.666
-43.352,-34.822,25.151
-45.426,-33.243,30.221
-45.614,-33.893,31.523
-46.503,-33.041,32.433
-47.308,-33.564,33.203
-44.265,-34.175,32.189
-43.416,-35.298,31.567
-42.046,-35.363,32.212
-44.123,-36.642,31.68
-46.371,-31.724,32.324
-47.201,-30.834,33.12
-48.514,-30.473,32.428
-49.285,-29.675,32.944
-46.418,-29.591,33.544
-45.394,-29.86,34.626
-45.777,-29.943,35.959
-44.057,-30.035,34.307
-44.841,-30.188,36.955
-43.112,-30.277,35.293
-43.508,-30.36,36.63
-48.772,-31.093,31.278
-49.989,-30.836,30.486
-50.273,-29.36,30.248
-51.398,-28.894,30.446
-51.228,-31.465,31.128
-51.419,-32.918,30.792
-50.552,-33.776,31.669
-50.891,-35.191,31.555
-50.077,-36.177,31.915
-48.874,-35.896,32.397
-50.459,-37.439,31.782
-49.257,-28.625,29.825
-49.432,-27.208,29.581
-50.276,-26.989,28.34
-50.155,-27.739,27.368
-48.074,-26.54,29.405
-47.192,-26.68,30.617
-45.677,-25.754,30.364
-44.79,-26.207,31.847
-51.129,-25.959,28.366
-51.881,-25.585,27.163
-50.902,-25.192,26.041
-49.737,-24.901,26.32
-52.738,-24.397,27.634
-52.045,-23.866,28.834
-51.364,-25.033,29.488
-51.357,-25.23,24.784
-50.45,-25.147,23.632
-49.585,-23.888,23.58
-48.416,-23.994,23.218
-51.407,-25.197,22.439
-52.574,-25.968,22.939
-52.74,-25.536,24.372
-50.123,-22.729,23.949
-49.305,-21.516,23.936
-48.245,-21.47,25.041
-47.121,-21.013,24.824
-50.162,-20.247,23.911
-51.031,-20.08,25.147
-51.394,-21.083,25.813
-51.378,-18.915,25.429
-48.593,-21.973,26.221
-47.615,-22.084,27.29
-46.517,-23.078,26.923
-45.336,-22.835,27.193
-48.309,-22.499,28.594
-47.51,-22.396,29.883
-47.028,-20.965,30.116
-48.391,-22.871,31.055
-46.908,-24.191,26.297
-45.944,-25.159,25.762
-44.975,-24.537,24.771
-43.766,-24.782,24.823
-46.658,-26.347,25.101
-47.412,-27.073,26.064
-45.503,-23.746,23.854
-44.656,-23.042,22.903
-43.656,-22.158,23.639
-42.493,-22.063,23.248
-45.518,-22.194,21.972
-44.123,-21.538,24.727
-43.29,-20.666,25.53
-42.156,-21.419,26.184
-41.039,-20.92,26.239
-42.449,-22.616,26.695
-41.413,-23.489,27.237
-40.407,-23.894,26.174
-39.188,-23.845,26.407
-42.032,-24.766,27.826
-42.67,-24.56,29.196
-41.452,-24.13,30.458
-40.474,-25.625,30.556
-40.919,-24.362,25.032
-40.06,-24.676,23.887
-39.138,-23.508,23.5
-37.942,-23.715,23.224
-40.881,-25.177,22.662
-40.034,-25.203,21.395
-41.435,-26.572,22.934
-39.672,-22.288,23.499
-38.834,-21.117,23.224
-37.712,-20.973,24.225
-36.593,-20.65,23.856
-39.66,-19.822,23.201
-40.53,-19.69,21.948
-41.468,-18.524,22.095
-39.656,-19.52,20.704
-38.019,-21.182,25.507
-36.997,-21.085,26.53
-35.884,-22.096,26.29
-34.695,-21.796,26.485
-37.607,-21.295,27.942
-36.52,-21.543,28.955
-38.44,-20.083,28.331
-36.278,-23.287,25.848
-35.337,-24.335,25.507
-34.55,-24.094,24.225
-33.415,-24.54,24.111
-35.122,-23.329,23.297
-34.577,-23.228,21.938
-33.728,-21.992,21.623
-32.974,-21.996,20.639
-35.721,-23.326,20.933
-36.326,-24.599,21.054
-33.856,-20.938,22.429
-32.997,-19.769,22.266
-31.551,-20.111,22.623
-31.286,-21.128,23.281
-33.469,-18.544,23.098
-34.799,-18.005,22.575
-33.574,-18.884,24.617
-30.631,-19.248,22.201
-29.209,-19.348,22.563
-28.929,-19.26,24.067
-29.767,-18.791,24.849
-28.425,-18.266,21.851
-27.726,-19.688,24.459
-27.256,-19.509,25.829
-27.277,-18.028,26.169
-27.058,-17.187,25.292
-25.815,-20.024,25.983
-25.666,-21.365,25.516
-27.538,-17.706,27.437
-27.486,-16.331,27.894
-26.09,-15.746,27.744
-25.092,-16.423,27.993
-26.015,-14.485,27.333
-24.727,-13.822,27.162
-24.275,-13.084,28.423
-23.159,-12.573,28.476
-24.777,-12.794,26.026
-25.818,-11.843,26.3
-25.025,-13.477,24.68
-25.139,-13.024,29.429
-24.825,-12.267,30.648
-24.493,-13.144,31.862
-24.734,-12.752,33.003
-25.969,-11.298,30.99
-23.932,-14.322,31.614
-23.566,-15.242,32.687
-22.153,-14.994,33.229
-21.67,-15.747,34.082
-23.677,-16.689,32.197
-25.022,-17.021,31.905
-21.504,-13.94,32.738
-20.11,-13.626,33.083
-19.788,-13.626,34.573
-18.839,-14.279,35.006
-19.71,-12.256,32.53
-19.633,-12.232,31.027
-20.384,-12.924,30.341
-18.718,-11.429,30.499
-20.544,-12.85,35.344
-20.29,-12.728,36.771
-20.443,-14.069,37.497
-19.617,-14.42,38.332
-21.189,-11.657,37.428
-20.914,-11.579,38.926
-20.966,-10.302,36.766
-21.491,-14.812,37.164
-21.72,-16.125,37.762
-20.556,-17.052,37.457
-20.052,-17.737,38.337
-22.995,-16.756,37.209
-24.282,-16.118,37.698
-25.655,-16.835,36.785
-25.058,-18.5,36.604
-20.124,-17.067,36.201
-19.028,-17.951,35.812
-17.731,-17.574,36.51
-16.996,-18.44,37.003
-18.824,-17.953,34.291
-20.122,-18.396,33.621
-17.614,-18.835,33.909
-19.97,-19.473,32.593
-17.459,-16.273,36.557
-16.312,-15.755,37.291
-16.326,-16.17,38.768
-15.324,-16.646,39.299
-16.252,-14.222,37.195
-15.169,-13.62,38.054
-13.833,-13.714,37.685
-15.478,-12.973,39.247
-12.836,-13.175,38.473
-14.48,-12.424,40.042
-13.16,-12.531,39.646
-12.153,-11.996,40.423
-17.457,-15.98,39.435
-17.54,-16.285,40.867
-17.455,-17.795,41.118
-16.93,-18.247,42.142
-18.835,-15.721,41.453
-18.884,-14.197,41.61
-20.255,-13.736,42.124
-17.759,-13.727,42.527
-17.968,-18.559,40.167
-17.974,-20.022,40.236
-16.612,-20.668,39.954
-16.467,-21.886,40.079
-19.039,-20.584,39.289
-15.625,-19.841,39.609
-14.279,-20.28,39.206
-14.304,-20.992,37.853
-13.491,-21.87,37.593
-13.606,-21.177,40.248
-13.541,-20.6,41.667
-12.923,-21.619,42.61
-12.898,-21.124,44.037
-12.763,-22.268,44.979
-15.256,-20.625,37.011
-15.276,-21.114,35.642
-14.348,-20.297,34.76
-13.607,-19.448,35.243
-14.388,-20.553,33.456
-13.529,-19.84,32.517
-14.356,-18.738,31.873
-15.172,-19.011,31.003
-13.022,-20.815,31.453
-11.987,-20.202,30.52
-11.957,-18.964,30.34
-11.192,-20.981,29.955
-14.142,-17.497,32.297
-14.939,-16.385,31.797
-14.763,-16.152,30.297
-15.746,-15.962,29.579
-14.625,-15.088,32.553
-15.318,-13.903,31.891
-15.051,-15.225,34.002
-13.515,-16.158,29.836
-13.216,-15.957,28.42
-13.899,-17.016,27.554
-14.456,-16.709,26.499
-11.71,-15.972,28.191
-13.859,-18.261,28.012
-14.495,-19.351,27.293
-16.016,-19.154,27.242
-16.65,-19.416,26.223
-14.138,-20.692,27.937
-14.744,-21.948,27.303
-14.244,-22.141,25.863
-14.459,-23.179,28.165
-16.608,-18.673,28.329
-18.065,-18.514,28.344
-18.537,-17.454,27.365
-19.615,-17.575,26.794
-18.581,-18.165,29.745
-18.344,-16.806,30.076
-17.734,-16.408,27.192
-18.078,-15.322,26.276
-18.063,-15.859,24.859
-18.938,-15.546,24.044
-17.075,-14.154,26.38
-17.354,-13.108,25.297
-17.121,-13.521,27.772
-17.06,-16.679,24.57
-16.948,-17.317,23.265
-18.107,-18.268,23.001
-18.679,-18.292,21.899
-15.633,-18.092,23.144
-14.541,-17.17,23.211
-15.585,-18.84,21.833
-18.43,-19.076,24.007
-19.521,-20.022,23.896
-20.862,-19.308,23.682
-21.664,-19.732,22.86
-19.633,-20.934,25.158
-18.483,-21.95,25.197
-20.963,-21.659,25.148
-18.37,-22.731,26.533
-21.123,-18.238,24.428
-22.423,-17.604,24.267
-22.499,-16.853,22.932
-23.567,-16.789,22.329
-22.794,-16.706,25.449
-21.841,-15.69,25.652
-21.377,-16.296,22.476
-21.343,-15.644,21.159
-21.644,-16.64,20.038
-22.446,-16.357,19.141
-19.993,-14.943,20.925
-21.014,-17.811,20.097
-21.248,-18.853,19.096
-22.703,-19.326,19.178
-23.366,-19.52,18.164
-20.288,-20.047,19.292
-20.764,-21.255,18.522
-18.848,-19.66,18.913
-23.204,-19.482,20.4
-24.579,-19.938,20.607
-25.576,-18.976,19.953
-26.584,-19.394,19.39
-24.884,-20.057,22.111
-26.136,-20.71,22.297
-25.276,-17.686,20.042
-26.161,-16.643,19.543
-26.189,-16.665,18.018
-27.248,-16.532,17.392
-25.712,-15.263,20.058
-25.887,-15.213,21.483
-26.531,-14.16,19.431
-25.023,-16.854,17.423
-24.953,-16.928,15.959
-25.703,-18.155,15.434
-26.511,-18.053,14.503
-23.499,-16.914,15.493
-22.802,-15.562,15.701
-21.32,-15.629,15.341
-23.492,-14.487,14.882
-25.467,-19.308,16.055
-26.146,-20.541,15.653
-27.67,-20.411,15.807
-28.436,-20.913,14.968
-25.614,-21.767,16.44
-26.423,-23.03,16.125
-24.134,-21.994,16.145
-28.097,-19.709,16.859
-29.507,-19.611,17.194
-30.323,-18.903,16.129
-31.54,-19.059,16.059
-29.642,-18.114,15.306
-30.288,-17.379,14.225
-31.108,-18.319,13.344
-32.27,-18.04,13.017
-29.249,-16.632,13.387
-29.879,-16.088,12.085
-28.619,-15.523,14.228
-30.503,-19.448,12.992
-31.199,-20.48,12.242
-31.738,-21.583,13.141
-32.767,-22.171,12.84
-30.278,-21.091,11.184
-29.925,-20.147,10.078
-30.863,-19.81,9.119
-28.66,-19.597,9.996
-30.547,-18.94,8.098
-28.333,-18.727,8.975
-29.278,-18.398,8.026
-31.05,-21.865,14.245
-31.439,-23.003,15.073
-32.734,-22.757,15.836
-33.599,-23.628,15.893
-30.321,-23.403,16.022
-32.864,-21.573,16.424
-34.018,-21.286,17.262
-35.353,-21.361,16.509
-36.274,-22.029,16.984
-33.851,-19.949,18.03
-32.599,-19.974,18.732
-35.024,-19.716,18.99
-35.47,-20.702,15.33
-36.768,-20.85,14.653
-37.082,-22.305,14.271
-38.236,-22.732,14.4
-36.632,-19.955,13.405
-35.541,-18.947,13.788
-34.584,-19.748,14.629
-36.081,-23.066,13.842
-36.343,-24.427,13.369
-36.674,-25.395,14.513
-37.591,-26.22,14.397
-35.168,-24.965,12.555
-35.34,-25.015,11.043
-34.228,-25.863,10.432
-36.706,-25.573,10.664
-35.922,-25.295,15.602
-36.189,-26.112,16.789
-37.556,-25.789,17.363
-38.275,-26.676,17.806
-35.103,-25.908,17.837
-33.738,-26.443,17.389
-32.647,-26.044,18.352
-33.798,-27.957,17.234
-37.915,-24.513,17.353
-39.241,-24.124,17.808
-40.319,-24.801,16.972
-41.235,-25.413,17.517
-39.417,-22.595,17.831
-38.431,-22.022,18.708
-40.81,-22.231,18.351
-40.192,-24.725,15.644
-41.113,-25.418,14.759
-41.146,-26.941,15.001
-42.211,-27.561,14.958
-40.801,-25.103,13.28
-41.675,-25.824,12.27
-43.123,-25.367,12.257
-43.881,-25.892,13.392
-45.164,-25.631,13.613
-45.769,-26.153,14.672
-45.839,-24.856,12.772
-39.99,-27.538,15.253
-39.916,-28.985,15.489
-40.747,-29.414,16.707
-41.495,-30.396,16.659
-38.457,-29.412,15.688
-38.166,-30.888,15.998
-38.636,-31.794,14.86
-36.668,-31.09,16.233
-40.627,-28.656,17.79
-41.198,-29.077,19.074
-42.596,-28.513,19.382
-43.3,-29.044,20.237
-40.214,-28.787,20.209
-38.975,-29.672,20.177
-39.07,-31.031,20.436
-37.716,-29.14,19.905
-37.943,-31.849,20.415
-36.584,-29.946,19.878
-36.708,-31.299,20.14
-35.6,-32.115,20.119
-42.994,-27.442,18.698
-44.362,-26.935,18.802
-45.307,-27.759,17.92
-44.975,-28.089,16.778
-44.46,-25.421,18.45
-45.92,-24.945,18.46
-43.645,-24.605,19.425
-46.47,-28.095,18.473
-47.505,-28.863,17.776
-47.737,-28.329,16.371
-47.882,-27.127,16.178
-48.805,-28.8,18.571
-49.927,-29.579,17.92
-49.649,-30.63,17.307
-51.091,-29.139,18.024
-47.762,-29.229,15.395
-47.822,-28.856,13.981
-49.072,-28.066,13.563
-49.071,-27.403,12.521
-47.653,-30.096,13.104
-50.134,-28.129,14.363
-51.358,-27.396,14.042
-51.301,-25.965,14.576
-52.214,-25.167,14.354
-52.614,-28.093,14.602
-52.557,-28.107,16.037
-52.72,-29.52,14.073
-50.231,-25.657,15.3
-49.965,-24.299,15.738
-49.018,-23.646,14.74
-47.952,-24.186,14.444
-49.318,-24.289,17.138
-50.256,-24.944,18.15
-48.976,-22.878,17.572
-49.57,-25.295,19.449
-49.402,-22.493,14.208
-48.536,-21.815,13.262
-47.325,-21.215,13.97
-47.434,-20.633,15.053
-49.305,-20.759,12.463
-50.322,-20.178,13.244
-46.162,-21.414,13.368
-44.915,-20.83,13.842
-44.321,-20.05,12.664
-43.962,-20.634,11.63
-43.942,-21.92,14.282
-42.594,-21.324,14.683
-44.547,-22.738,15.428
-44.258,-18.73,12.797
-43.72,-17.902,11.722
-42.191,-17.948,11.792
-41.576,-17.075,12.399
-44.244,-16.474,11.863
-43.78,-15.548,10.736
-43.023,-15.976,9.838
-44.168,-14.367,10.774
-41.583,-18.959,11.162
-40.147,-19.195,11.32
-39.297,-18.071,10.721
-38.244,-17.736,11.25
-39.694,-20.584,10.779
-40.275,-21.723,11.625
-40.056,-20.757,9.304
-39.77,-17.488,9.627
-39.079,-16.374,8.984
-39.224,-15.08,9.806
-38.275,-14.307,9.938
-39.586,-16.158,7.549
-39.071,-14.837,6.989
-39.152,-17.318,6.662
-40.414,-14.85,10.35
-40.59,-13.798,11.342
-39.604,-13.908,12.498
-38.964,-12.925,12.87
-39.466,-15.102,13.069
-38.552,-15.285,14.19
-37.119,-14.995,13.77
-36.367,-14.366,14.508
-38.648,-16.707,14.755
-40.002,-17.045,15.361
-40.062,-18.745,15.959
-38.762,-18.734,17.194
-36.747,-15.477,12.586
-35.422,-15.207,12.042
-35.158,-13.703,11.976
-34.135,-13.219,12.46
-35.29,-15.823,10.644
-34.14,-15.332,9.771
-32.855,-15.6,10.46
-34.169,-16.056,8.438
-36.084,-12.966,11.384
-35.902,-11.527,11.207
-35.842,-10.824,12.561
-35.032,-9.924,12.776
-37.027,-10.948,10.345
-36.886,-11.316,8.855
-38.028,-10.765,8.005
-37.8,-11.057,6.526
-38.907,-10.551,5.664
-36.693,-11.267,13.473
-36.718,-10.715,14.832
-35.391,-10.934,15.569
-34.878,-10.02,16.215
-37.89,-11.304,15.609
-39.114,-10.742,15.144
-34.824,-12.131,15.449
-33.523,-12.414,16.054
-32.413,-11.556,15.445
-31.522,-11.081,16.155
-33.17,-13.92,15.993
-34.138,-14.73,16.865
-31.725,-14.16,16.439
-34.082,-16.258,16.616
-32.471,-11.338,14.135
-31.511,-10.453,13.482
-31.66,-9.018,13.994
-30.675,-8.36,14.339
-31.683,-10.5,11.961
-31.273,-11.829,11.333
-31.646,-11.885,9.856
-29.774,-12.046,11.525
-32.901,-8.556,14.062
-33.215,-7.177,14.422
-32.943,-6.854,15.897
-32.449,-5.778,16.236
-34.692,-6.925,14.113
-35.225,-5.581,14.566
-36.743,-5.515,14.491
-37.442,-6.419,14.967
-37.261,-4.452,13.882
-33.291,-7.789,16.769
-33.29,-7.532,18.206
-31.991,-8.001,18.866
-31.554,-7.437,19.87
-34.501,-8.192,18.874
-35.791,-7.623,18.285
-34.48,-7.988,20.39
-37.048,-8.357,18.73
-31.359,-9.015,18.283
-30.192,-9.609,18.912
-28.913,-9.407,18.126
-27.972,-8.8,18.626
-30.406,-11.106,19.196
-29.124,-11.725,19.728
-31.551,-11.292,20.183
-28.878,-9.899,16.892
-27.651,-9.876,16.099
-27.186,-8.483,15.67
-26.018,-8.131,15.84
-27.76,-10.795,14.857
-26.563,-10.593,13.936
-27.85,-12.229,15.305
-28.089,-7.691,15.113
-27.754,-6.318,14.756
-27.26,-5.462,15.947
-26.277,-4.73,15.807
-28.895,-5.631,13.966
-29.061,-6.314,12.605
-28.606,-4.154,13.772
-30.291,-5.885,11.838
-27.922,-5.557,17.122
-27.395,-4.771,18.249
-26.049,-5.267,18.785
-25.205,-4.444,19.158
-28.489,-4.915,19.315
-29.736,-5.134,18.516
-29.294,-6.026,17.389
-25.85,-6.581,18.82
-24.579,-7.132,19.281
-23.446,-6.713,18.351
-22.401,-6.224,18.797
-24.62,-8.667,19.393
-25.409,-9.084,20.627
-23.209,-9.235,19.498
-25.642,-10.582,20.717
-23.67,-6.894,17.055
-22.673,-6.557,16.05
-22.346,-5.069,16.081
-21.179,-4.679,15.965
-23.132,-6.957,14.635
-24.379,-6.322,14.344
-23.3,-8.466,14.532
-23.375,-4.241,16.243
-23.175,-2.801,16.391
-22.283,-2.472,17.591
-21.412,-1.601,17.51
-24.516,-2.087,16.523
-22.52,-3.161,18.705
-21.74,-2.96,19.913
-20.289,-3.345,19.708
-19.382,-2.747,20.287
-20.08,-4.344,18.856
-18.756,-4.893,18.602
-17.905,-3.964,17.735
-16.709,-3.808,17.971
-18.889,-6.283,17.974
-17.612,-7.071,17.699
-16.746,-7.129,18.939
-17.977,-8.463,17.237
-18.516,-3.328,16.743
-17.779,-2.364,15.944
-17.523,-1.11,16.779
-16.491,-0.457,16.635
-18.491,-2.026,14.609
-18.975,-3.302,13.94
-19.652,-1.07,14.823
-18.449,-0.801,17.682
-18.306,0.357,18.553
-17.205,0.137,19.596
-16.424,1.048,19.885
-19.648,0.723,19.216
-20.531,1.471,18.212
-19.428,1.564,20.464
-21.815,2.009,18.794
-17.139,-1.073,20.146
-16.046,-1.444,21.04
-14.716,-1.246,20.317
-13.797,-0.629,20.845
-16.181,-2.902,21.491
-15.098,-3.358,22.425
-15.344,-3.716,23.734
-13.767,-3.53,22.236
-14.214,-4.083,24.312
-13.241,-3.975,23.426
-14.633,-1.764,19.098
-13.396,-1.725,18.325
-13.016,-0.317,17.877
-11.833,0.009,17.766
-13.505,-2.647,17.108
-12.29,-2.643,16.235
-11.293,-3.588,16.345
-11.908,-1.806,15.243
-10.349,-3.333,15.456
-10.697,-2.255,14.776
-14.01,0.518,17.612
-13.73,1.858,17.109
-13.483,2.874,18.228
-12.718,3.821,18.048
-14.859,2.364,16.178
-15.251,1.313,15.289
-14.393,3.566,15.361
-14.116,2.668,19.382
-14.036,3.629,20.486
-13.664,2.969,21.808
-14.37,3.108,22.808
-15.363,4.374,20.632
-15.811,5.059,19.375
-15.123,6.161,18.891
-16.921,4.607,18.679
-15.528,6.798,17.733
-17.337,5.243,17.521
-16.637,6.339,17.046
-12.531,2.278,21.811
-12.177,1.364,22.891
-12.076,2.011,24.276
-12.663,1.511,25.242
-10.873,0.615,22.563
-10.909,0.182,21.197
-10.71,-0.592,23.469
-11.337,3.113,24.367
-11.145,3.813,25.639
-12.472,4.243,26.275
-12.693,4.041,27.471
-10.215,5.022,25.46
-10.595,5.926,24.299
-9.878,7.272,24.346
-8.398,7.138,24.03
-7.734,8.476,23.958
-13.353,4.82,25.464
-14.662,5.263,25.93
-15.49,4.089,26.437
-16.131,4.176,27.485
-15.428,5.991,24.816
-14.591,7.006,24.245
-16.696,6.629,25.366
-15.462,2.983,25.701
-16.209,1.799,26.099
-15.706,1.232,27.425
-16.499,0.804,28.271
-16.183,0.723,24.991
-16.723,-0.602,25.505
-16.977,1.207,23.779
-14.39,1.251,27.616
-13.801,0.796,28.874
-14.269,1.624,30.074
-14.388,1.105,31.187
-12.269,0.803,28.795
-11.706,-0.259,27.867
-10.199,-0.415,28.028
-9.661,-1.479,27.075
-8.228,-1.794,27.322
-14.528,2.91,29.851
-15.012,3.778,30.921
-16.446,3.449,31.342
-16.783,3.546,32.518
-14.896,5.253,30.533
-13.522,5.845,30.802
-13.5,7.349,30.607
-13.699,7.727,29.213
-12.717,8.025,28.37
-11.459,7.998,28.78
-12.995,8.362,27.119
-17.284,3.055,30.389
-18.689,2.792,30.695
-18.961,1.353,31.14
-19.953,1.089,31.821
-19.615,3.158,29.508
-21.047,3.398,29.995
-19.57,2.087,28.427
-22.013,3.77,28.889
-18.077,0.43,30.767
-18.29,-1.003,31.035
-18.729,-1.385,32.456
-19.628,-2.215,32.61
-17.071,-1.841,30.62
-17.115,-2.347,29.188
-15.851,-3.092,28.795
-14.965,-3.265,29.66
-15.742,-3.501,27.619
-18.105,-0.796,33.495
-18.544,-1.17,34.844
-20.001,-0.811,35.147
-20.576,-1.363,36.084
-17.611,-0.361,35.748
-16.4,-0.134,34.929
-16.899,0.052,33.537
-20.588,0.093,34.372
-21.948,0.544,34.653
-22.984,-0.08,33.719
-24.187,0.129,33.875
-22.013,2.071,34.632
-21.044,2.686,35.615
-21.273,2.603,36.981
-19.889,3.325,35.18
-20.387,3.152,37.891
-18.994,3.881,36.082
-19.25,3.789,37.436
-18.368,4.331,38.341
-22.512,-0.858,32.754
-23.412,-1.583,31.868
-24.279,-2.64,32.563
-25.47,-2.729,32.266
-22.646,-2.207,30.71
-21.956,-1.211,29.789
-21.252,-1.979,28.698
-22.957,-0.217,29.215
-23.696,-3.45,33.476
-24.557,-4.463,34.1
-25.757,-3.866,34.835
-26.822,-4.483,34.84
-23.617,-5.164,35.082
-22.272,-5.001,34.477
-22.287,-3.625,33.877
-25.592,-2.684,35.417
-26.693,-2.014,36.094
-27.773,-1.575,35.113
-28.964,-1.779,35.356
-26.19,-0.825,36.897
-27.35,-0.964,34.011
-28.278,-0.553,32.964
-29.074,-1.744,32.421
-30.278,-1.635,32.192
-27.531,0.173,31.84
-26.934,1.513,32.275
-25.77,2.228,31.095
-25.403,3.799,31.878
-28.402,-2.878,32.24
-29.05,-4.086,31.733
-30.027,-4.664,32.753
-31.082,-5.184,32.388
-28.012,-5.147,31.369
-27.117,-4.672,30.384
-29.666,-4.573,34.03
-30.525,-5.073,35.099
-31.863,-4.347,35.101
-32.916,-4.976,35.157
-29.841,-4.956,36.468
-28.721,-5.975,36.677
-27.965,-6.006,38.329
-27.573,-4.286,38.601
-31.815,-3.021,35.032
-33.031,-2.226,34.969
-33.908,-2.656,33.799
-35.117,-2.847,33.953
-32.703,-0.735,34.855
-33.929,0.037,34.421
-32.174,-0.218,36.186
-33.283,-2.826,32.636
-33.979,-3.268,31.43
-34.619,-4.651,31.566
-35.776,-4.849,31.174
-33.037,-3.256,30.218
-32.436,-1.621,29.739
-33.89,-5.614,32.114
-34.474,-6.949,32.217
-35.616,-6.981,33.235
-36.578,-7.726,33.06
-33.432,-8.062,32.506
-34.03,-9.448,32.219
-32.942,-7.982,33.923
-34.354,-9.712,30.738
-35.517,-6.153,34.274
-36.578,-6.043,35.272
-37.848,-5.474,34.657
-38.953,-5.929,34.962
-36.136,-5.173,36.45
-35.015,-5.747,37.31
-34.633,-4.758,38.413
-35.423,-7.093,37.877
-37.686,-4.486,33.779
-38.825,-3.906,33.074
-39.508,-4.945,32.18
-40.744,-5.035,32.134
-38.389,-2.674,32.258
-38.705,-5.724,31.464
-39.232,-6.795,30.619
-39.983,-7.834,31.452
-41.116,-8.205,31.126
-38.116,-7.499,29.803
-37.566,-6.55,28.727
-38.641,-8.799,29.162
-36.334,-7.074,28.019
-39.353,-8.289,32.529
-39.979,-9.285,33.402
-41.33,-8.79,33.906
-42.331,-9.513,33.835
-39.097,-9.622,34.615
-37.895,-10.463,34.175
-39.902,-10.383,35.661
-36.765,-10.451,35.189
-41.365,-7.552,34.398
-42.601,-7.023,34.952
-43.689,-6.848,33.895
-44.859,-7.146,34.148
-42.364,-5.724,35.748
-42.029,-4.644,34.896
-43.305,-6.377,32.71
-44.246,-6.237,31.608
-44.839,-7.6,31.254
-46.043,-7.738,31.029
-43.537,-5.644,30.368
-43.979,-8.605,31.185
-44.43,-9.933,30.776
-45.334,-10.588,31.817
-46.384,-11.135,31.464
-43.246,-10.841,30.418
-43.711,-12.265,30.272
-42.597,-10.332,29.118
-44.945,-10.505,33.095
-45.796,-11.013,34.178
-47.156,-10.305,34.148
-48.204,-10.966,34.15
-45.096,-10.931,35.569
-46.063,-11.287,36.73
-43.86,-11.848,35.59
-47.136,-8.971,34.067
-48.369,-8.183,34.014
-49.238,-8.574,32.82
-50.458,-8.71,32.948
-48.055,-6.669,33.994
-48.6,-8.77,31.667
-49.311,-9.065,30.438
-50.0,-10.421,30.46
-50.995,-10.626,29.777
-49.481,-11.347,31.259
-50.069,-12.678,31.33
-50.837,-12.887,32.626
-51.215,-14.019,32.971
-48.966,-13.721,31.204
-48.047,-13.585,32.262
-51.079,-11.796,33.349
-51.422,-11.908,34.768
-52.652,-12.775,35.046
-52.654,-13.569,36.0
-51.575,-10.521,35.417
-51.529,-10.539,36.952
-52.825,-11.013,37.576
-53.887,-10.955,36.952
-52.747,-11.498,38.806
-53.687,-12.614,34.228
-54.927,-13.357,34.415
-54.736,-14.879,34.321
-55.433,-15.635,35.0
-55.984,-12.9,33.41
-55.643,-13.306,32.104
-53.799,-15.324,33.485
-53.512,-16.754,33.365
-52.725,-17.308,34.546
-52.763,-18.515,34.805
-52.737,-17.05,32.076
-53.49,-16.726,30.826
-54.457,-17.556,30.303
-53.411,-15.664,29.988
-54.946,-17.017,29.2
-54.327,-15.87,28.986
-52.021,-16.43,35.265
-50.992,-16.858,36.22
-51.513,-17.635,37.426
-50.827,-18.511,37.963
-50.146,-15.661,36.724
-49.304,-15.084,35.605
-49.198,-16.083,37.85
-48.143,-14.257,36.124
-52.723,-17.32,37.864
-53.293,-18.021,39.004
-53.47,-19.513,38.713
-53.312,-20.353,39.596
-54.627,-17.391,39.418
-53.793,-19.849,37.473
-54.073,-21.239,37.163
-52.852,-22.029,36.679
-52.849,-23.258,36.754
-55.219,-21.343,36.155
-54.773,-20.998,34.865
-51.815,-21.347,36.193
-50.659,-22.062,35.644
-49.347,-21.742,36.348
-48.317,-22.343,36.053
-50.481,-21.791,34.114
-51.723,-22.221,33.356
-50.158,-20.325,33.845
-49.391,-20.797,37.282
-48.18,-20.251,37.874
-47.272,-21.264,38.53
-46.064,-21.254,38.32
-47.863,-22.144,39.324
-47.117,-23.141,40.065
-46.387,-24.062,39.105
-45.182,-24.291,39.224
-48.071,-23.962,40.925
-47.395,-25.014,41.746
-46.591,-24.663,42.818
-47.579,-26.357,41.464
-45.969,-25.633,43.59
-46.958,-27.332,42.229
-46.151,-26.967,43.293
-47.134,-24.598,38.151
-46.571,-25.547,37.197
-45.436,-24.937,36.356
-44.41,-25.584,36.143
-47.689,-26.171,36.332
-47.216,-26.442,34.921
-48.242,-27.436,37.018
-45.595,-23.688,35.92
-44.525,-23.03,35.178
-43.31,-22.854,36.068
-42.189,-23.099,35.639
-44.961,-21.671,34.606
-43.806,-20.993,33.871
-46.135,-21.864,33.665
-43.53,-22.467,37.327
-42.408,-22.311,38.243
-41.652,-23.617,38.461
-40.425,-23.65,38.351
-42.842,-21.713,39.611
-43.238,-20.238,39.434
-41.712,-21.867,40.632
-43.933,-19.616,40.682
-42.365,-24.699,38.757
-41.693,-25.996,38.878
-40.97,-26.395,37.572
-39.831,-26.871,37.584
-42.676,-27.105,39.259
-43.438,-26.722,40.533
-41.929,-28.427,39.447
-42.538,-26.336,41.68
-41.642,-26.191,36.45
-41.067,-26.558,35.149
-39.756,-25.827,34.837
-38.786,-26.451,34.404
-42.074,-26.327,34.053
-39.713,-24.515,35.065
-38.48,-23.774,34.805
-37.343,-24.162,35.738
-36.191,-24.195,35.318
-38.667,-22.218,34.795
-39.697,-21.799,33.74
-39.043,-21.694,36.146
-37.664,-24.445,37.005
-36.665,-24.966,37.928
-36.045,-26.276,37.423
-34.823,-26.424,37.369
-37.257,-25.171,39.346
-37.637,-23.821,39.969
-36.266,-25.913,40.218
-38.446,-23.935,41.277
-36.892,-27.228,37.059
-36.412,-28.498,36.522
-35.645,-28.32,35.196
-34.596,-28.933,34.994
-37.588,-29.458,36.321
-38.232,-29.929,37.634
-39.526,-30.671,37.361
-37.24,-30.797,38.399
-36.182,-27.495,34.304
-35.566,-27.27,32.985
-34.15,-26.723,33.181
-33.186,-27.196,32.578
-36.427,-26.283,32.179
-36.044,-26.17,30.729
-36.459,-25.125,29.935
-35.302,-26.974,29.932
-35.975,-25.278,28.712
-35.263,-26.39,28.684
-34.037,-25.719,34.04
-32.753,-25.112,34.359
-31.805,-26.127,34.98
-30.636,-26.187,34.626
-32.978,-23.936,35.316
-31.685,-23.254,35.732
-31.411,-23.119,36.919
-30.895,-22.81,34.758
-32.324,-26.926,35.911
-31.534,-27.939,36.589
-30.992,-29.007,35.655
-29.817,-29.378,35.716
-31.858,-29.51,34.787
-31.456,-30.503,33.796
-30.333,-29.976,32.9
-29.358,-30.685,32.647
-32.679,-31.008,32.983
-33.491,-31.98,33.856
-32.23,-31.718,31.722
-34.976,-32.131,33.484
-30.451,-28.721,32.462
-29.424,-28.099,31.652
-28.102,-27.947,32.391
-27.047,-28.249,31.837
-28.154,-27.482,33.647
-26.942,-27.337,34.45
-26.244,-28.69,34.621
-25.02,-28.8,34.518
-27.274,-26.748,35.839
-27.798,-25.3,35.896
-28.321,-24.913,37.283
-26.736,-24.29,35.436
-27.03,-29.722,34.908
-26.479,-31.058,35.105
-25.916,-31.592,33.791
-24.857,-32.22,33.757
-27.567,-32.005,35.614
-27.897,-31.945,37.102
-29.218,-32.652,37.362
-26.764,-32.598,37.888
-26.63,-31.327,32.706
-26.234,-31.83,31.387
-24.908,-31.24,30.92
-24.036,-31.961,30.436
-27.327,-31.538,30.364
-28.511,-32.222,30.729
-24.766,-29.928,31.089
-23.536,-29.235,30.771
-22.375,-29.712,31.625
-21.305,-30.004,31.104
-22.583,-29.799,32.94
-21.538,-30.265,33.844
-21.042,-31.689,33.538
-19.833,-31.923,33.418
-21.989,-30.189,35.318
-20.859,-30.536,36.262
-19.912,-29.585,36.612
-20.705,-31.828,36.757
-18.864,-29.893,37.446
-19.663,-32.146,37.603
-18.746,-31.17,37.947
-17.699,-31.465,38.788
-21.965,-32.645,33.466
-21.577,-34.041,33.265
-21.2,-34.338,31.815
-20.379,-35.233,31.543
-22.658,-34.987,33.803
-22.72,-34.896,35.294
-23.667,-34.258,36.045
-21.75,-35.404,36.216
-23.359,-34.364,37.385
-22.188,-35.068,37.514
-20.561,-36.128,36.071
-21.476,-35.427,38.661
-19.86,-36.492,37.211
-20.321,-36.14,38.49
-21.775,-33.567,30.896
-21.371,-33.615,29.501
-19.908,-33.232,29.397
-19.123,-33.894,28.714
-19.546,-32.156,30.085
-18.157,-31.749,30.207
-17.267,-32.837,30.772
-16.171,-33.056,30.252
-17.714,-33.505,31.844
-16.939,-34.605,32.429
-16.722,-35.751,31.443
-15.64,-36.353,31.382
-17.636,-35.149,33.666
-17.604,-34.196,34.853
-16.17,-33.913,35.288
-16.139,-33.305,36.682
-14.757,-32.896,37.085
-17.772,-36.054,30.687
-17.752,-37.124,29.705
-16.701,-36.847,28.633
-16.006,-37.767,28.177
-19.137,-37.258,29.063
-19.267,-38.172,27.839
-19.064,-39.625,28.247
-20.614,-37.977,27.142
-16.586,-35.584,28.228
-15.635,-35.22,27.174
-14.245,-34.939,27.74
-13.378,-34.435,27.034
-16.133,-34.016,26.365
-17.351,-34.296,25.532
-17.38,-35.367,24.655
-18.471,-33.486,25.626
-18.505,-35.624,23.887
-19.6,-33.739,24.866
-19.614,-34.812,23.993
-14.048,-35.261,29.014
-12.753,-35.125,29.666
-12.234,-33.719,29.961
-11.027,-33.536,30.135
-13.121,-32.728,30.046
-12.676,-31.357,30.321
-12.331,-31.172,31.809
-12.847,-31.888,32.665
-13.752,-30.336,29.902
-14.201,-30.452,28.461
-13.361,-30.955,27.481
-15.484,-30.053,28.093
-13.791,-31.054,26.156
-15.914,-30.146,26.778
-15.061,-30.651,25.807
-11.461,-30.206,32.116
-11.111,-29.907,33.506
-12.305,-29.334,34.242
-13.306,-28.981,33.619
-9.9,-28.962,33.609
-10.157,-27.58,33.006
-11.204,-26.96,33.271
-9.286,-27.099,32.262
-12.195,-29.251,35.568
-13.304,-28.813,36.407
-13.805,-27.409,36.046
-15.002,-27.193,35.898
-12.925,-28.893,37.9
-13.973,-28.31,38.857
-15.249,-29.153,38.954
-15.262,-30.303,38.468
-16.244,-28.663,39.533
-12.894,-26.458,35.906
-13.296,-25.098,35.557
-14.109,-25.072,34.26
-15.138,-24.384,34.155
-12.061,-24.199,35.435
-12.435,-22.853,35.218
-13.664,-25.846,33.276
-14.358,-25.901,31.995
-15.729,-26.557,32.133
-16.699,-26.138,31.492
-13.501,-26.655,30.948
-12.256,-25.963,30.782
-14.199,-26.718,29.62
-15.817,-27.586,32.977
-17.111,-28.236,33.205
-18.132,-27.291,33.856
-19.313,-27.321,33.51
-16.952,-29.485,34.071
-16.025,-30.811,33.276
-17.682,-26.473,34.8
-18.566,-25.48,35.423
-19.027,-24.434,34.388
-20.168,-23.974,34.406
-17.858,-24.796,36.587
-17.594,-25.734,37.758
-16.808,-25.053,38.851
-16.403,-26.006,39.882
-15.872,-25.667,41.045
-15.683,-24.383,41.35
-15.529,-26.612,41.911
-18.122,-24.07,33.497
-18.452,-23.184,32.371
-19.546,-23.77,31.501
-20.538,-23.097,31.213
-17.203,-22.874,31.545
-16.252,-22.228,32.391
-17.53,-21.947,30.344
-19.381,-25.037,31.107
-20.387,-25.722,30.323
-21.728,-25.837,31.01
-22.763,-25.709,30.359
-19.92,-27.122,29.924
-19.518,-27.237,28.464
-18.255,-26.425,28.216
-19.325,-28.708,28.095
-21.703,-26.104,32.319
-22.924,-26.261,33.085
-23.76,-25.001,32.971
-24.958,-25.055,32.659
-22.589,-26.529,34.566
-23.105,-23.869,33.213
-23.766,-22.575,33.206
-24.237,-22.156,31.806
-25.375,-21.699,31.645
-22.872,-21.504,33.883
-22.786,-21.789,35.384
-23.443,-20.104,33.687
-21.663,-21.051,36.1
-23.388,-22.347,30.794
-23.761,-22.011,29.411
-24.899,-22.876,28.868
-25.713,-22.4,28.067
-22.548,-22.093,28.463
-21.525,-20.981,28.723
-22.129,-19.584,28.547
-22.864,-19.382,27.557
-21.883,-18.691,29.39
-24.974,-24.134,29.303
-26.037,-25.016,28.812
-27.367,-24.718,29.498
-28.411,-24.679,28.844
-25.685,-26.523,28.94
-26.895,-27.396,28.603
-24.522,-26.877,28.008
-27.329,-24.481,30.806
-28.554,-24.287,31.556
-29.073,-22.861,31.689
-30.248,-22.665,32.025
-28.223,-21.864,31.446
-28.642,-20.461,31.586
-28.943,-19.834,30.212
-28.031,-19.482,29.476
-27.59,-19.622,32.322
-27.232,-20.113,33.74
-28.699,-20.123,34.755
-28.038,-20.535,36.372
-30.228,-19.676,29.901
-30.682,-19.321,28.55
-30.821,-17.825,28.362
-30.886,-17.08,29.338
-32.061,-19.933,28.31
-32.059,-21.43,28.347
-31.378,-22.009,27.131
-30.146,-21.992,27.016
-32.175,-22.512,26.199
-30.898,-17.386,27.106
-31.309,-16.01,26.828
-32.826,-15.94,27.024
-33.584,-15.935,26.071
-30.936,-15.607,25.399
-31.058,-14.098,25.151
-31.781,-13.385,25.848
-30.378,-13.623,24.119
-33.277,-15.899,28.273
-34.708,-16.003,28.519
-35.424,-14.694,28.187
-36.63,-14.678,27.993
-34.976,-16.436,29.961
-34.123,-15.75,30.842
-34.672,-13.604,28.123
-35.213,-12.329,27.666
-35.656,-12.441,26.21
-36.76,-12.018,25.847
-34.805,-13.048,25.385
-35.172,-13.351,24.0
-36.373,-14.315,23.911
-37.284,-14.098,23.11
-33.979,-13.929,23.243
-34.26,-14.285,21.781
-34.706,-13.054,20.966
-33.055,-14.964,21.149
-36.393,-15.358,24.75
-37.496,-16.314,24.709
-38.834,-15.65,25.036
-39.851,-15.942,24.404
-37.227,-17.514,25.665
-38.836,-14.759,26.027
-40.067,-14.067,26.395
-40.513,-13.153,25.268
-41.695,-13.087,24.921
-39.871,-13.258,27.687
-39.557,-12.458,24.685
-39.869,-11.519,23.606
-40.456,-12.222,22.379
-41.471,-11.78,21.825
-38.637,-10.689,23.212
-38.158,-9.992,24.367
-39.008,-9.669,22.11
-39.837,-13.326,21.968
-40.375,-14.127,20.863
-41.735,-14.737,21.196
-42.585,-14.873,20.328
-39.402,-15.239,20.471
-38.053,-14.761,19.908
-37.095,-15.922,19.8
-38.24,-14.09,18.554
-41.949,-15.111,22.457
-43.23,-15.678,22.815
-44.34,-14.661,22.673
-45.434,-14.968,22.199
-44.045,-13.437,23.095
-44.998,-12.339,23.039
-45.353,-11.997,21.588
-46.519,-11.842,21.228
-44.389,-11.12,23.745
-45.215,-9.846,23.707
-44.699,-8.855,24.758
-44.806,-7.419,24.291
-46.202,-7.014,24.036
-44.33,-11.863,20.762
-44.539,-11.488,19.365
-45.233,-12.589,18.557
-46.135,-12.313,17.765
-43.205,-11.095,18.699
-42.606,-9.864,19.398
-43.395,-10.8,17.194
-41.164,-9.592,19.012
-44.836,-13.837,18.771
-45.219,-14.897,17.83
-46.28,-15.876,18.307
-46.808,-16.662,17.517
-43.963,-15.612,17.322
-43.169,-14.654,16.459
-43.685,-14.208,15.251
-41.945,-14.139,16.883
-42.987,-13.3,14.463
-41.245,-13.233,16.106
-41.772,-12.815,14.898
-41.088,-11.902,14.116
-46.62,-15.818,19.59
-47.602,-16.759,20.108
-48.725,-16.123,20.914
-49.866,-16.108,20.459
-46.907,-17.864,20.9
-45.987,-18.701,20.053
-46.495,-19.714,19.264
-44.63,-18.434,20.001
-45.664,-20.476,18.458
-43.781,-19.21,19.201
-44.309,-20.223,18.43
-48.404,-15.625,22.109
-49.405,-14.999,22.979
-48.733,-14.396,24.21
-47.563,-14.676,24.487
-50.454,-16.029,23.431
-49.946,-16.831,24.482
-49.459,-13.548,24.951
-48.847,-13.035,26.18
-48.471,-14.161,27.139
-47.442,-14.066,27.812
-49.956,-12.159,26.78
-50.734,-11.692,25.575
-50.75,-12.891,24.662
-49.261,-15.232,27.175
-48.948,-16.336,28.08
-47.671,-17.056,27.67
-46.923,-17.538,28.524
-50.112,-17.34,28.181
-49.881,-18.469,29.205
-49.505,-17.889,30.586
-51.107,-19.388,29.33
-47.422,-17.143,26.358
-46.222,-17.793,25.861
-44.934,-17.077,26.295
-43.853,-17.674,26.313
-46.275,-17.923,24.315
-45.052,-15.801,26.648
-43.898,-15.027,27.11
-43.553,-15.361,28.564
-42.439,-15.114,29.017
-44.188,-13.529,26.987
-44.517,-15.92,29.29
-44.353,-16.144,30.733
-43.207,-17.096,31.12
-42.463,-16.802,32.064
-45.671,-16.602,31.376
-45.629,-16.738,32.895
-45.319,-15.372,33.529
-46.941,-17.293,33.417
-43.059,-18.246,30.42
-41.913,-19.083,30.82
-40.558,-18.391,30.719
-39.707,-18.636,31.563
-41.98,-20.271,29.849
-43.44,-20.395,29.545
-43.948,-18.961,29.482
-40.346,-17.568,29.693
-39.098,-16.847,29.572
-38.918,-15.903,30.758
-37.84,-15.808,31.351
-39.978,-15.186,31.097
-39.902,-14.236,32.206
-39.59,-14.899,33.545
-38.776,-14.392,34.32
-41.177,-13.437,32.302
-40.239,-16.025,33.828
-40.032,-16.692,35.119
-38.68,-17.397,35.16
-38.068,-17.533,36.213
-41.149,-17.691,35.398
-42.524,-17.04,35.578
-43.568,-18.079,35.951
-42.467,-15.909,36.625
-38.217,-17.861,34.005
-36.904,-18.518,33.935
-35.859,-17.457,34.224
-34.866,-17.703,34.91
-36.694,-19.116,32.525
-35.517,-20.076,32.401
-34.207,-19.613,32.418
-35.735,-21.431,32.197
-33.129,-20.487,32.255
-34.663,-22.321,32.034
-33.353,-21.845,32.057
-36.086,-16.257,33.694
-35.197,-15.131,33.968
-35.119,-14.821,35.463
-34.04,-14.598,36.009
-35.65,-13.878,33.207
-34.8,-12.787,33.507
-36.261,-14.818,36.13
-36.269,-14.59,37.568
-35.531,-15.719,38.285
-34.632,-15.473,39.097
-37.697,-14.445,38.121
-37.668,-14.379,39.64
-38.356,-13.181,37.555
-35.893,-16.955,37.962
-35.293,-18.119,38.606
-33.77,-18.206,38.407
-33.032,-18.505,39.342
-35.959,-19.412,38.123
-35.21,-20.63,38.588
-34.481,-21.506,37.815
-35.079,-21.084,39.936
-33.929,-22.481,38.615
-34.278,-22.24,39.917
-35.571,-20.627,41.164
-33.961,-22.948,41.074
-35.251,-21.326,42.309
-34.452,-22.474,42.255
-33.307,-17.921,37.196
-31.895,-18.077,36.846
-30.963,-17.181,37.671
-29.799,-17.522,37.875
-31.671,-17.834,35.343
-30.999,-16.53,35.048
-31.654,-15.32,35.136
-29.724,-16.243,34.694
-30.814,-14.344,34.84
-29.635,-14.878,34.571
-31.471,-16.042,38.139
-30.748,-15.225,39.111
-30.556,-15.958,40.433
-29.484,-15.903,41.037
-31.492,-13.913,39.38
-31.62,-13.055,38.138
-30.631,-12.786,37.453
-32.848,-12.637,37.826
-31.61,-16.628,40.886
-31.563,-17.362,42.146
-30.671,-18.594,42.044
-29.769,-18.774,42.857
-32.965,-17.787,42.579
-33.922,-16.718,43.106
-35.253,-17.348,43.491
-33.311,-16.021,44.303
-30.919,-19.443,41.047
-30.109,-20.644,40.886
-28.657,-20.301,40.59
-27.755,-20.986,41.056
-30.68,-21.569,39.817
-30.572,-20.994,38.534
-28.433,-19.238,39.818
-27.083,-18.806,39.502
-26.339,-18.296,40.726
-25.163,-18.601,40.927
-27.015,-17.499,41.54
-26.441,-17.096,42.816
-26.112,-18.311,43.704
-25.019,-18.399,44.269
-27.348,-16.101,43.536
-26.782,-15.733,44.777
-27.049,-19.248,43.818
-26.836,-20.432,44.657
-25.657,-21.275,44.174
-24.824,-21.724,44.967
-28.097,-21.298,44.665
-29.284,-20.784,45.48
-30.542,-21.623,45.218
-28.915,-20.789,46.954
-25.608,-21.501,42.862
-24.576,-22.334,42.254
-23.196,-21.684,42.335
-22.207,-22.335,42.7
-24.942,-22.665,40.797
-24.08,-23.702,40.072
-24.091,-25.029,40.811
-24.501,-23.885,38.568
-23.141,-20.394,42.019
-21.899,-19.637,42.106
-21.415,-19.593,43.555
-20.227,-19.753,43.816
-22.087,-18.225,41.566
-22.346,-19.39,44.483
-22.038,-19.434,45.903
-21.332,-20.733,46.248
-20.211,-20.733,46.767
-21.983,-21.84,45.904
-21.459,-23.176,46.151
-20.092,-23.41,45.497
-19.133,-23.797,46.175
-22.467,-24.24,45.682
-21.955,-25.658,45.837
-21.952,-26.276,47.075
-21.477,-26.378,44.741
-21.481,-27.566,47.235
-21.0,-27.68,44.89
-21.015,-28.264,46.145
-20.552,-29.546,46.336
-19.992,-23.165,44.19
-18.736,-23.422,43.487
-17.614,-22.465,43.897
-16.44,-22.826,43.833
-18.955,-23.425,41.968
-19.357,-24.777,41.456
-19.185,-25.979,42.088
-20.04,-25.061,40.236
-19.699,-26.996,41.32
-20.23,-26.461,40.177
-20.495,-24.272,39.174
-20.851,-27.088,39.097
-21.112,-24.902,38.098
-21.284,-26.293,38.07
-17.971,-21.264,44.359
-16.968,-20.305,44.823
-16.131,-20.853,45.982
-15.001,-20.426,46.182
-17.601,-18.967,45.228
-18.176,-19.034,46.524
-16.678,-21.804,46.735
-15.913,-22.449,47.788
-15.394,-23.858,47.513
-14.931,-24.519,48.438
-15.487,-24.327,46.271
-14.98,-25.652,45.891
-13.819,-25.516,44.9
-13.951,-24.87,43.87
-16.092,-26.501,45.264
-17.227,-26.87,46.232
-16.849,-28.08,47.095
-17.758,-28.241,48.319
-17.465,-27.218,49.359
-12.673,-26.12,45.215
-11.487,-25.933,44.367
-11.613,-26.528,42.974
-12.298,-27.531,42.774
-10.37,-26.628,45.158
-11.054,-27.428,46.233
-12.335,-26.708,46.521
-10.966,-25.884,42.006
-11.013,-26.333,40.625
-9.691,-26.922,40.145
-9.644,-27.54,39.082
-11.345,-25.169,39.664
-12.814,-24.789,39.749
-10.436,-23.978,39.945
-8.608,-26.702,40.885
-7.312,-27.178,40.419
-7.113,-28.625,40.833
-7.473,-29.006,41.948
-6.175,-26.314,40.971
-6.277,-24.835,40.613
-6.177,-24.61,39.117
-6.02,-23.131,38.802
-6.055,-22.874,37.333
-6.536,-29.418,39.931
-6.149,-30.807,40.212
-5.491,-30.996,41.58
-5.896,-31.854,42.366
-5.176,-31.307,39.137
-5.818,-31.995,37.951
-4.747,-32.602,37.055
-5.337,-33.63,36.108
-5.974,-34.75,36.856
-4.476,-30.184,41.859
-3.691,-30.335,43.081
-4.483,-30.092,44.362
-4.074,-30.519,45.434
-2.446,-29.432,43.049
-2.78,-27.963,42.819
-2.959,-27.22,43.812
-2.833,-27.545,41.643
-5.614,-29.407,44.252
-6.379,-29.025,45.435
-7.295,-30.146,45.93
-7.752,-30.123,47.074
-7.191,-27.756,45.158
-6.347,-26.497,45.008
-7.147,-25.293,44.528
-7.853,-25.359,43.524
-7.027,-24.183,45.243
-7.562,-31.12,45.066
-8.397,-32.259,45.435
-7.579,-33.32,46.172
-7.78,-33.559,47.363
-9.054,-32.877,44.196
-9.266,-31.913,43.031
-10.348,-30.878,43.294
-10.547,-29.997,42.428
-11.003,-30.943,44.359
